126 22 32 52 60 83 85 96 
127 17 28 53 54 61 82 94 
109 128 19 20 29 53 61 63 
127 19 53 54 61 63 84 95 
19 20 21 22 29 30 32 63 
110 111 31 64 84 85 95 96 
111 112 113 117 17 21 24 82 
19 23 53 54 84 87 90 91 
114 119 57 86 88 89 92 93 
115 121 122 124 24 25 27 91 
115 116 122 123 124 125 25 26 
118 27 28 30 31 55 59 94 
119 124 125 126 32 60 92 96 
119 120 126 128 55 61 93 94 
118 127 28 56 57 60 62 92 
121 122 127 56 57 62 64 95 
2 34 37 38 65 7 97 98 
100 101 35 39 66 67 68 71 
102 3 4 40 5 69 72 8 
101 3 36 40 5 68 72 74 
102 40 5 65 69 7 97 98 
1 36 40 5 74 97 98 99 
104 37 38 43 72 76 77 8 
10 102 41 46 7 70 73 75 
10 11 41 42 70 73 74 99 
103 11 40 42 45 74 98 99 
10 106 12 41 46 50 75 81 
106 107 12 15 2 33 65 66 
108 3 36 48 5 51 68 80 
108 12 47 5 65 69 81 97 
106 12 33 50 6 65 69 81 
1 108 13 36 47 5 51 97 
111 28 31 52 60 82 85 96 
109 126 128 17 53 61 83 94 
110 127 18 54 62 64 84 95 
110 20 22 29 32 64 85 96 
109 112 114 17 23 53 83 89 
112 113 17 23 53 54 82 87 
113 18 52 54 82 86 87 88 
116 117 19 20 21 22 26 90 
113 118 124 24 25 27 86 92 
114 119 124 125 25 26 86 92 
112 113 118 120 23 55 56 87 
113 118 56 57 86 87 88 92 
116 117 123 125 26 58 59 90 
117 121 24 27 58 59 90 91 
119 125 126 30 32 55 59 94 
120 123 128 29 58 61 63 93 
120 121 127 56 58 61 63 95 
121 122 124 27 31 64 95 96 
122 123 124 125 29 32 64 96 
1 33 39 66 67 70 71 99 
2 3 34 37 38 4 72 8 
100 2 35 38 39 4 66 8 
103 104 107 12 14 43 47 75 
105 107 15 16 43 44 49 77 
105 15 16 44 78 79 80 9 
108 45 46 48 49 76 77 81 
103 108 12 45 46 47 75 81 
1 106 13 15 33 66 67 79 
107 14 2 3 34 4 48 49 
15 16 35 66 67 68 79 80 
108 3 4 48 49 5 69 81 
16 35 36 50 51 6 68 80 
111 17 21 28 30 31 82 94 
127 18 28 52 54 60 62 82 
109 126 128 18 52 60 62 83 
109 110 128 18 20 29 62 64 
111 19 21 30 31 63 84 95 
111 113 24 25 52 82 85 86 
109 114 18 52 83 86 88 89 
109 116 19 20 23 53 89 90 
110 111 115 24 25 84 85 91 
110 115 116 20 22 25 26 85 
112 113 117 118 24 27 55 59 
116 120 123 23 58 89 90 93 
120 121 23 56 58 87 90 91 
115 116 122 123 57 88 89 93 
119 126 128 57 60 62 92 93 
122 123 128 29 57 62 64 93 
121 27 30 31 58 59 63 95 
2 33 38 39 65 66 7 70 
1 34 37 67 71 97 98 99 
100 102 35 4 6 69 73 8 
1 33 36 6 70 73 74 99 
39 41 42 44 70 71 9 99 
100 105 38 39 43 44 77 8 
100 101 105 39 44 71 78 9 
101 104 37 71 72 76 78 9 
102 40 45 46 72 76 77 8 
10 100 102 105 46 73 77 8 
106 13 15 41 42 44 79 9 
104 14 48 76 78 79 80 9 
107 12 14 2 34 47 65 97 
16 35 4 49 50 6 69 81 
1 106 13 33 36 50 51 6 
126 17 21 22 30 32 83 94 
112 114 117 17 21 22 26 83 
114 22 25 26 52 83 85 86 
110 115 18 54 84 87 88 91 
109 110 115 116 18 20 88 89 
111 117 19 21 24 84 90 91 
112 114 117 119 125 26 55 59 
112 114 119 120 23 55 89 93 
115 121 122 56 57 87 88 91 
118 124 27 28 31 60 92 96 
118 120 127 28 55 56 61 94 
123 125 29 30 32 58 59 63 
101 3 34 37 67 68 71 72 
100 101 35 36 6 68 73 74 
102 33 6 65 69 7 70 73 
103 104 37 38 43 7 75 98 
38 39 41 43 44 7 70 75 
103 104 37 42 71 9 98 99 
10 100 101 105 11 73 74 78 
101 11 40 45 72 74 76 78 
102 103 40 45 46 7 75 98 
106 107 12 15 41 43 44 75 
103 104 13 14 42 47 79 9 
104 107 14 43 48 49 76 77 
10 105 16 46 49 50 77 81 
10 105 11 16 50 51 78 80 
108 11 45 48 51 76 78 80 
10 106 11 13 41 42 50 51 
103 108 11 13 42 45 47 51 
1 13 14 34 47 67 79 97 
107 15 16 2 35 4 49 66 
14 3 34 48 67 68 79 80 
