0.978942 1.102703 0.811973 1.222680 0.903821 0.627168 0.629107 1.362784 
0.907299 1.076486 0.504394 1.045469 1.189742 0.901889 0.922190 0.833602 
0.967288 0.610019 0.803476 0.728240 0.797812 1.004216 0.958192 1.374007 
0.786006 0.701321 1.404644 1.357727 1.040733 1.081382 0.796137 0.620076 
0.854875 0.857941 0.872470 1.282683 0.983205 0.680499 0.952556 1.265979 
1.114231 1.142989 0.920820 1.383137 0.743650 0.670956 1.006916 1.397465 
1.206026 0.905958 1.432997 1.166918 0.835437 0.341869 0.319311 0.863616 
0.717381 1.052771 1.202929 1.232405 0.708037 1.288668 1.334057 0.949617 
1.221080 0.780222 1.053094 1.109154 1.398162 0.604535 0.842252 0.422796 
0.615899 0.975222 0.392998 1.446201 0.913160 0.663534 0.641797 0.771824 
1.022728 0.833332 0.659742 0.781752 1.138136 1.030635 0.638537 0.977735 
1.184036 0.622973 0.458283 0.722809 1.085585 0.775140 1.417214 0.882083 
0.830416 1.067502 1.112636 0.998523 0.640636 1.027359 0.665225 1.074615 
0.979143 1.041777 0.903703 0.807126 0.766767 0.904316 0.153846 0.553697 
1.121127 0.864275 0.153953 0.788542 1.062952 0.949831 0.894610 0.575772 
0.768679 0.387734 1.011694 0.899377 0.836100 0.863401 1.250184 0.372264 
0.898929 1.296086 0.823032 1.142724 0.659338 0.393726 0.530542 0.677827 
0.499468 0.870404 1.345410 1.265502 1.334596 1.753917 0.794615 0.441748 
0.887561 1.296498 1.125402 0.991257 0.548582 0.955208 1.041262 0.690316 
1.060338 1.283602 1.068643 1.076760 0.613988 0.790202 0.693765 0.357197 
0.732543 0.775913 0.607612 0.764689 1.051186 0.342856 0.643375 0.716769 
0.502255 1.247014 0.930184 0.422245 0.675944 0.680269 0.772605 0.818836 
0.780345 0.884895 0.991715 0.865567 0.957437 0.805979 1.012090 0.695258 
0.974384 0.676993 1.308125 1.052937 0.411544 0.827793 0.859387 1.257724 
0.615368 0.835902 1.016349 1.109157 0.853332 1.158295 0.748312 0.992689 
0.841468 0.760876 0.576391 0.658669 0.802099 0.759341 0.156161 0.755204 
0.385523 0.694889 0.538117 0.704062 1.256754 1.083251 1.246377 0.927827 
0.899855 1.360436 0.576622 0.773192 0.746480 1.438620 0.862432 1.314672 
1.154436 1.040705 1.219913 1.185864 0.426784 1.044392 1.103935 0.851809 
1.319840 0.886351 1.257555 0.437786 0.807218 1.202350 0.961065 0.786439 
0.901683 0.939839 1.191555 1.205121 0.407030 0.590816 0.926972 1.197925 
0.467902 1.176123 0.391492 1.277265 1.041796 0.348494 1.068750 0.676591 
0.870736 0.508476 0.529683 1.135451 0.667038 0.647249 0.500212 1.133717 
0.660284 0.674200 0.549666 0.896702 0.911665 1.161036 0.508037 0.587878 
0.942334 0.819026 0.248191 1.060111 0.736415 1.167827 0.303775 0.668871 
1.114952 0.436149 1.235648 0.834132 1.006154 1.030342 0.615232 1.085446 
1.019888 0.643635 1.009218 0.621431 0.700907 1.046891 0.607864 0.426371 
1.017450 1.062447 0.789436 0.547297 1.186833 1.446728 0.662672 1.100817 
1.327673 0.506398 1.255548 1.130719 0.456932 0.902317 0.936384 1.244924 
0.885368 1.198126 0.810207 0.873045 0.446187 1.144433 0.678225 0.710517 
1.130515 1.057683 1.372367 0.738521 0.579275 0.386812 1.147657 0.375942 
1.087667 0.634759 1.234843 0.793103 0.477168 0.409291 1.136591 0.731409 
1.028355 1.019548 0.714170 0.782439 0.252957 0.495075 0.685186 1.145053 
1.088818 0.812276 0.907123 0.928388 0.945530 0.779288 1.179438 0.789757 
0.894400 1.095639 0.714942 0.844534 0.445802 0.933548 0.622756 0.786460 
1.069574 1.126332 0.304577 0.776590 1.075572 1.064518 0.513379 1.019885 
0.465379 0.689411 0.838314 0.435795 0.598898 0.850744 0.789998 0.893930 
0.816052 0.946346 0.939245 0.395770 0.840379 0.689463 0.884598 0.226939 
0.660784 1.019914 0.560334 0.715681 1.094737 0.671624 0.878979 0.533501 
1.113055 0.333667 1.009103 0.511230 0.768769 0.957845 0.734656 0.683914 
0.401281 0.732449 0.922161 0.967093 0.539005 0.646208 1.167318 0.822986 
0.439666 1.265183 1.150883 1.073794 1.608609 0.585900 0.408417 0.907763 
0.593756 0.831752 1.114951 0.990904 1.271627 1.214987 0.770819 0.583708 
0.810565 0.574246 1.208400 1.296664 0.981120 0.932746 1.053942 0.316184 
1.010170 0.602799 1.310264 0.430492 0.365078 0.884514 1.137237 0.798080 
1.140186 0.899843 0.752248 0.806858 0.942887 1.027945 1.258110 0.363918 
0.913671 1.054883 0.780178 1.083820 0.945480 1.528176 1.323522 0.577896 
0.877862 1.015360 1.157405 1.232673 1.657255 0.571175 0.648695 0.512548 
0.832863 0.966362 0.791716 0.497168 0.938948 0.757445 0.708225 0.962977 
0.447269 0.851729 0.753700 1.215860 1.135324 1.159946 1.544076 1.446336 
1.036085 0.449486 0.630147 0.842080 1.449017 0.891971 1.152077 1.304463 
1.269739 1.112610 1.497342 1.267483 1.620790 0.906219 1.491129 1.299383 
1.238615 1.193890 0.844971 1.226620 1.391227 0.388603 1.125927 0.786661 
0.949325 1.297121 0.799978 0.873779 1.039764 0.209038 0.720884 1.004940 
0.974134 1.052360 0.725269 0.835574 0.729895 0.855001 0.853278 1.108551 
0.938171 0.583204 0.565434 1.233738 1.215267 0.934009 0.853216 0.790166 
0.734336 0.687507 0.558790 0.634646 1.371766 1.044548 0.822803 0.668256 
0.933338 1.110349 0.826614 0.349021 0.398111 0.961283 0.795548 1.303831 
0.915499 0.636327 0.689915 0.813902 0.838900 1.312166 0.658710 0.963995 
1.103279 1.600401 0.611187 0.710730 1.264525 0.637816 0.605547 0.899367 
1.087114 1.599415 0.527673 1.255995 0.548423 1.143705 1.537369 0.667183 
1.001949 0.816986 0.814894 0.469063 1.065581 1.112256 0.412782 1.322588 
0.888596 0.986680 0.493976 0.532729 0.892398 0.423973 0.796601 0.941077 
0.950288 0.525625 0.834661 0.352908 1.235995 0.700020 1.160985 0.709817 
0.654533 1.169126 0.952080 1.144182 0.607041 0.907884 0.834493 1.041068 
0.693579 1.105504 0.866169 0.872987 0.902217 1.009579 0.964568 0.207357 
0.962741 0.873921 0.982315 0.729451 0.955245 1.349496 1.393867 0.810883 
0.371859 0.666045 0.463471 0.942253 0.795243 0.861254 0.526806 0.447626 
1.146328 0.711708 0.724149 1.124004 0.999556 0.856008 0.935420 0.433590 
0.485830 1.148929 0.966991 0.414359 1.067506 0.774652 1.179430 0.124279 
0.975595 0.732705 0.515219 1.025335 0.903850 1.343269 1.019800 0.661986 
0.981547 1.376147 1.279394 1.078091 0.665372 1.347373 0.664560 0.565046 
0.465451 1.212019 0.949998 1.547124 0.268838 0.573037 0.529595 0.917617 
0.707697 0.837154 1.356050 1.236171 0.493090 0.976177 0.632921 0.707014 
0.629260 1.452368 1.145639 0.454586 0.713755 1.006300 0.702182 1.172199 
1.018036 1.007092 1.088380 1.126270 0.418106 0.411819 0.523670 0.859481 
0.691983 1.047298 1.046052 0.973032 1.264949 0.843742 0.864379 0.455917 
0.381524 0.860714 0.843691 1.144613 1.206588 0.657715 0.767146 0.672030 
1.008744 1.212552 0.838684 0.480865 0.591580 1.241386 1.126110 0.549922 
0.563717 0.544629 0.994756 0.735970 0.998502 0.693491 1.202973 0.754848 
0.329756 0.568432 0.835884 0.930727 1.157024 0.751974 0.767895 0.536959 
0.726019 0.636214 1.116925 0.841988 1.154589 1.380863 1.778374 0.761431 
1.356526 0.603583 1.567416 0.852922 1.460689 1.785033 1.244902 0.822840 
1.646134 0.746930 0.367896 0.829676 1.145200 1.304205 0.836927 0.454077 
0.851090 1.493590 0.929719 1.592155 1.293419 0.588338 1.098229 0.893750 
0.795362 0.765292 0.616295 1.506478 1.169532 1.004230 1.139350 0.611282 
0.875289 1.078952 0.752319 1.313955 0.874206 1.121031 0.788664 0.784356 
0.674172 1.048360 1.023915 1.124395 0.695101 1.332237 0.463811 0.654783 
1.229654 0.863639 0.630622 0.716272 1.239420 0.651195 0.831733 0.982665 
0.958359 0.369014 0.317100 1.653786 0.651876 1.516912 0.952087 0.941042 
1.220088 0.923643 0.318759 0.989579 0.256201 0.443854 1.079389 0.541092 
0.979235 1.449103 0.838783 0.524919 0.436006 0.803786 0.935398 1.198234 
0.521608 0.844772 0.883691 0.372509 1.092541 0.430547 0.850434 0.933076 
0.661653 0.857982 0.750271 1.229006 0.513590 0.533688 0.809234 0.518383 
0.607121 1.054352 0.698856 1.196925 0.897473 1.236299 0.832770 0.602226 
1.509217 1.267441 0.653362 0.658743 0.914925 1.099288 0.539058 0.980074 
1.236600 0.692431 0.827858 0.534240 1.118716 0.861873 0.825687 1.199105 
0.743003 0.920213 0.832717 0.730726 0.916500 0.959786 1.227457 1.355285 
1.293552 1.022078 1.068555 1.213197 1.280697 0.897923 0.553153 0.748376 
0.526879 0.888021 1.375762 1.189235 0.394605 0.921458 0.597101 0.423065 
0.703659 1.328673 0.559908 0.556338 0.830755 0.820678 0.834117 0.851266 
0.812097 0.795189 0.737074 1.322564 1.498665 0.462364 0.613765 0.248309 
0.820213 1.090242 0.716400 0.979985 0.934526 0.501465 0.836759 0.695610 
0.696586 0.552843 0.635434 0.740292 0.655907 0.327863 0.183822 0.757695 
0.575468 0.429237 0.774839 1.207871 1.248919 0.698960 0.458599 0.823736 
1.204580 0.681708 0.859176 1.358141 0.762965 0.492853 0.671518 0.965756 
0.974079 1.005891 0.912663 1.214611 1.155882 0.472454 0.800588 0.429763 
1.070593 1.305451 0.549233 0.986240 0.841108 0.920686 0.925486 0.955236 
0.695701 0.916510 0.510203 0.704556 0.768383 0.802313 1.757593 0.384890 
1.379343 1.036651 0.677377 1.251112 1.442424 1.493299 1.037817 0.867141 
0.360278 1.160330 0.784247 1.294685 1.632122 1.303137 0.625114 0.818175 
0.353028 1.401255 0.909347 1.117349 1.300522 1.358287 1.114632 1.314155 
0.851362 0.417299 0.921044 1.451088 0.978710 0.644250 1.119268 1.488512 
0.688375 0.864208 0.598163 0.415285 1.193560 1.146266 1.087617 0.924385 
1.147142 0.829911 0.487141 0.485395 0.679533 0.824225 0.749634 0.951978 
0.661125 0.801362 0.650009 1.080538 1.228034 1.341960 1.249734 0.474345 
1.231115 1.126230 1.290960 0.780576 1.471860 0.843705 1.371696 1.335643 
0.655293 0.825162 1.131806 1.723062 1.298499 1.020437 1.437984 1.565999 
