109 120 125 126 50 54 83 94 
110 111 120 121 50 52 61 96 
110 111 22 61 63 64 81 96 
125 128 22 23 54 63 64 81 
109 24 50 54 58 59 83 84 
109 112 26 51 55 59 83 84 
109 110 114 20 24 50 56 84 
110 111 114 116 22 57 81 85 
110 114 20 21 56 57 81 86 
112 115 21 26 59 82 83 86 
113 117 24 32 58 87 89 92 
115 25 29 30 31 56 86 90 
115 116 118 25 29 31 85 91 
30 57 58 59 60 86 92 93 
115 119 26 30 31 59 86 93 
120 28 61 62 87 88 90 94 
123 28 30 60 61 62 63 90 
122 123 124 29 30 31 62 90 
123 125 126 30 60 63 92 93 
100 101 34 35 66 67 7 9 
10 101 41 66 67 69 9 98 
102 103 3 37 4 40 68 8 
102 103 33 37 38 4 70 97 
104 11 42 44 5 7 70 99 
100 101 12 13 39 40 45 72 
10 103 15 38 43 6 71 75 
106 43 45 47 71 72 77 78 
104 105 107 16 17 44 48 73 
12 13 18 45 72 77 78 79 
105 12 14 15 17 18 19 49 
108 12 13 15 18 49 75 79 
106 108 11 43 74 75 76 80 
120 121 125 128 23 50 52 54 
109 110 120 20 50 61 62 94 
109 122 20 51 53 62 94 95 
111 121 122 51 52 53 95 96 
112 124 127 128 22 23 64 82 
112 113 117 23 26 51 52 55 
111 113 25 51 52 53 55 85 
111 115 116 22 25 53 82 85 
21 54 57 58 59 81 83 86 
24 58 59 84 87 88 92 93 
113 117 119 26 27 32 55 89 
114 24 28 56 84 87 88 90 
25 27 29 55 56 84 88 90 
120 125 126 87 88 92 93 94 
119 126 127 27 88 93 94 95 
120 121 28 61 87 89 91 96 
119 123 124 126 127 30 31 93 
1 2 33 34 5 7 70 99 
100 35 36 38 39 6 65 97 
2 33 36 38 39 70 97 99 
100 101 35 36 39 40 67 68 
1 102 33 4 41 5 70 98 
100 38 39 43 45 6 71 72 
100 101 105 12 44 45 7 9 
102 105 14 41 73 74 8 9 
102 11 14 41 42 5 70 74 
10 14 15 41 42 5 6 71 
105 107 14 17 19 73 74 80 
107 16 17 2 3 34 48 66 
16 17 18 34 35 66 67 77 
107 17 19 3 4 66 80 98 
107 108 3 37 4 68 79 80 
109 112 126 127 51 83 94 95 
110 123 20 21 61 62 63 81 
122 123 124 20 21 53 62 82 
111 122 124 22 53 64 82 96 
112 123 124 126 127 21 82 83 
113 117 23 24 50 52 54 58 
119 26 27 55 59 84 88 93 
113 25 27 29 55 85 89 91 
114 116 118 28 57 60 85 91 
116 117 118 32 57 58 60 92 
115 116 117 118 119 26 31 32 
120 121 125 128 32 87 89 92 
122 27 29 62 88 90 94 95 
121 122 27 29 89 91 95 96 
118 122 124 29 31 64 91 96 
118 125 128 32 60 63 64 92 
102 3 4 41 66 8 9 98 
10 101 103 37 40 67 68 69 
1 10 41 5 6 65 69 98 
100 42 44 45 5 6 7 71 
104 13 39 40 72 73 8 99 
10 101 105 12 14 15 41 9 
104 11 16 42 44 46 48 76 
16 42 44 45 46 47 71 77 
104 106 11 43 48 72 76 78 
105 12 16 17 18 44 45 77 
104 107 13 48 72 73 78 79 
11 14 19 42 46 74 76 80 
14 15 19 42 46 47 49 71 
1 16 34 35 46 47 65 77 
106 35 36 47 65 77 78 97 
107 2 3 36 48 68 78 79 
112 121 127 128 23 51 52 95 
123 125 126 21 54 63 81 83 
110 111 113 114 24 50 52 85 
109 20 25 51 53 55 56 84 
115 20 21 25 53 56 82 86 
116 117 22 23 54 57 58 81 
112 115 116 117 22 23 26 82 
113 114 24 28 85 87 89 91 
114 28 30 56 57 60 86 90 
119 121 127 128 27 32 89 95 
118 28 60 61 63 64 91 96 
118 119 124 127 128 31 32 64 
1 100 34 35 5 6 65 7 
2 3 34 66 7 8 9 99 
2 3 36 39 40 68 8 99 
10 103 37 38 6 65 69 97 
104 11 38 39 43 70 72 99 
104 105 44 7 73 8 9 99 
10 101 103 12 13 15 40 75 
102 103 13 40 73 74 75 8 
102 103 11 38 43 70 74 75 
107 108 13 73 74 75 79 80 
106 108 15 43 47 49 71 75 
1 16 2 33 34 46 48 76 
106 2 33 36 48 76 78 97 
18 35 36 67 68 77 78 79 
17 18 19 49 66 67 69 98 
108 18 37 49 67 68 69 79 
1 19 33 4 46 76 80 98 
1 19 46 47 49 65 69 98 
106 108 37 47 49 65 69 97 
106 108 33 37 4 76 80 97 
