0.967315 0.962867 0.761084 0.884575 1.193739 1.117497 1.061078 1.272606 
0.656799 0.967586 0.990914 1.225481 0.929488 1.214209 1.116729 1.619436 
0.724156 1.220172 0.731195 1.008709 0.856731 1.434604 1.433872 1.417227 
0.728641 1.333043 0.931195 0.948425 0.910657 0.865595 1.522994 1.445133 
1.159419 0.817573 1.248023 1.120194 1.382821 1.011306 1.477063 1.672580 
0.727653 1.238475 0.771211 1.056328 1.503130 1.270869 1.253813 1.176774 
1.062770 0.708745 1.053663 0.803225 0.659978 1.040076 1.108380 1.278571 
0.552157 1.086549 0.791682 0.989767 0.660874 0.817003 1.546879 1.101377 
0.826133 1.082232 0.952920 0.892675 1.033339 0.952153 1.254436 0.771592 
1.222353 1.021597 0.646361 0.706049 1.379593 1.258504 1.316280 1.011552 
1.304146 1.401724 0.637006 0.979026 1.205729 1.700013 1.729166 1.434634 
1.265199 0.907882 1.434361 0.575389 1.271304 1.002588 0.847341 1.540804 
1.182012 0.866606 1.212065 1.254917 1.390105 0.894252 1.438288 1.650040 
0.380774 0.982249 1.204344 1.133185 1.281606 1.087061 1.436735 1.741203 
1.369205 1.462040 0.653761 0.713426 0.857493 1.215206 1.481540 1.491834 
0.880990 1.012965 1.293806 1.402435 1.528168 1.447259 1.515792 1.496897 
1.451076 0.754269 0.327721 1.389384 1.190435 1.273924 0.876303 1.759645 
1.361275 1.218040 1.234800 1.105351 0.645646 0.977303 1.070592 1.928659 
1.227320 0.741217 0.887561 0.503157 1.712382 0.811818 1.302851 1.485628 
1.143971 1.083161 1.564411 1.209107 1.688880 1.400953 0.896631 1.043939 
0.855556 1.350244 1.721142 1.490304 1.265685 1.578811 1.108301 1.220583 
1.354687 0.745301 1.285623 1.471188 1.139504 1.102410 1.610291 1.000806 
1.300381 0.759738 1.408078 1.101467 0.825238 0.889434 1.266147 1.086869 
1.040521 0.831283 1.878303 1.393112 1.494375 0.957094 1.681931 1.296442 
1.067657 1.128505 0.815585 1.039193 1.171389 1.202846 1.457445 1.726167 
1.091524 0.917096 1.009270 1.137747 1.000374 1.478837 1.925006 1.141833 
0.812740 0.848335 1.403180 1.141903 1.440898 1.647075 1.695006 1.581230 
0.980649 1.369521 1.460621 1.434513 1.074685 1.218264 1.517116 1.233222 
1.142264 0.974581 0.844653 1.466272 1.665953 1.733662 1.347230 1.687561 
1.699610 1.090434 1.290247 1.309460 1.105168 1.192091 1.353778 1.989237 
0.596085 1.397489 0.897011 1.064667 1.134888 1.426644 1.097058 1.469959 
0.915425 0.604056 0.869498 0.988459 1.739340 0.850622 1.647394 1.196136 
0.931066 1.034388 0.830870 1.128858 0.702566 1.083975 1.190855 1.284614 
1.065322 0.767139 1.249083 0.596776 1.030262 1.084291 1.239285 1.456596 
0.864969 1.201843 0.659427 1.089989 1.518611 1.280612 1.286166 1.697071 
0.910792 1.137282 1.079632 1.177049 1.106367 1.199645 1.443418 1.315673 
0.920170 0.856513 0.843855 1.187602 0.881357 0.743587 1.091205 1.228823 
1.445966 1.050147 1.513749 0.534327 0.482154 1.276188 1.228857 1.598430 
0.769459 1.100526 0.673573 1.339246 0.993674 1.578748 1.509658 1.244291 
0.975691 0.792296 1.216783 0.449260 0.714905 1.387103 1.407271 1.733037 
0.684294 0.809828 0.987009 1.227912 1.214210 0.926848 1.334184 1.170792 
0.745212 1.594839 1.075792 1.462891 1.553910 1.315223 1.499224 1.342548 
1.221638 1.664413 1.599277 0.410065 1.001937 0.831511 1.628301 2.047047 
1.093026 0.546730 0.508146 0.959998 1.458094 1.753518 1.502716 1.312071 
1.000723 1.345737 1.260538 1.600911 1.249400 0.971397 1.504998 1.419025 
0.943565 0.807460 1.167644 1.345384 1.456593 1.283303 1.092238 1.477738 
1.192516 0.872631 1.015208 0.985745 1.669394 1.062459 1.208713 1.738457 
0.955272 1.091936 0.552410 1.196923 1.388628 1.136433 1.457359 1.298087 
1.110132 1.021687 1.093473 0.760626 0.841183 0.688659 0.523609 1.346979 
1.174815 0.860892 1.588610 1.626066 1.395396 0.868364 1.477704 1.509046 
1.100930 1.024023 1.493839 1.112420 1.300958 0.834591 1.778721 0.948486 
0.811909 1.417749 1.387215 1.029147 0.919444 1.361755 1.095887 1.092100 
1.245090 0.998638 1.202243 1.266035 1.290060 1.103474 1.142909 1.150481 
1.128332 1.258021 1.760778 0.624063 1.384234 1.214253 1.593671 1.370850 
1.163195 1.066940 1.103649 0.988471 1.183614 0.912565 1.718242 1.469280 
1.396179 1.436170 1.381547 0.642348 1.277059 1.413588 0.908621 0.814757 
1.108657 1.411284 1.090669 1.696716 1.331632 1.616349 0.854580 0.857086 
0.854504 0.828161 1.104210 1.747089 2.073784 1.352841 1.627180 1.607319 
1.219592 1.168588 1.042635 1.843233 1.664584 1.134300 1.419781 1.752137 
1.600865 1.190885 1.048970 1.069301 1.503060 1.167353 1.335937 1.252713 
1.553881 1.190690 1.022348 0.988716 1.009912 1.600987 1.682053 1.609622 
1.247663 1.070016 0.605666 1.684277 1.305633 1.638439 1.470306 1.714434 
1.572912 0.990535 1.000821 1.171296 0.876442 1.672762 1.898389 1.488535 
1.256461 0.430101 1.213081 0.987405 0.983169 1.641914 0.842484 1.229241 
0.947445 0.862707 0.867878 0.898950 1.172422 1.102034 1.262124 1.457240 
0.718327 1.052339 0.893738 0.564739 1.196357 1.310951 0.994572 1.186147 
1.332945 1.120691 1.173839 0.805794 0.588866 1.376403 1.301378 1.282568 
1.076563 1.120304 0.993295 0.653866 1.185160 1.481301 1.467194 1.431271 
0.919544 0.865170 0.972657 0.793935 1.100313 0.715140 1.575540 1.078918 
1.201422 1.334556 0.533011 0.630610 0.981173 1.130227 1.084800 1.118907 
1.629258 0.784116 1.016238 1.779070 1.233461 1.265285 1.523948 1.200793 
0.845525 1.001040 1.294159 1.103746 1.577931 1.277398 1.389055 1.672373 
0.867516 1.025386 1.094901 0.376112 0.783477 0.958995 1.375735 1.593138 
0.576259 1.229691 1.036983 0.942875 0.913993 1.028271 0.996157 1.689820 
1.189509 0.832727 1.247028 1.470855 1.929351 0.500361 0.631569 0.627532 
0.764577 0.958165 0.565097 1.033524 0.791715 1.334366 1.554365 1.377398 
1.437381 1.106666 0.928969 1.180404 1.561392 1.545694 1.294436 1.637274 
0.936116 1.337565 1.266095 0.855781 1.533712 1.796378 1.580296 1.207784 
1.164264 1.364601 1.332546 1.115936 0.529083 0.727840 1.601068 1.029513 
1.076344 0.915243 1.358949 0.457633 0.962011 1.093971 0.975393 1.279646 
1.293616 1.313636 0.938807 1.281340 1.443411 1.207710 0.868443 1.345033 
0.463987 1.035586 0.884379 0.954240 1.055528 1.010218 1.400903 1.471442 
0.948776 0.954782 1.754515 1.386968 1.202446 1.764091 1.363386 1.217107 
1.218569 1.790065 1.544232 0.971804 1.471063 1.004282 0.799137 1.496337 
0.628410 0.664926 1.058168 1.467811 1.361247 1.441661 0.590500 0.981312 
0.978629 1.419186 1.781812 0.710008 1.326985 1.380922 1.877497 0.781615 
1.241658 0.803664 0.910799 1.541962 1.488462 1.552925 1.364020 1.491745 
0.975055 1.477128 1.443618 1.257634 1.742390 1.512411 1.560160 1.795353 
0.939623 1.001287 0.630205 1.167187 1.029166 1.126007 1.517881 1.253615 
1.515792 0.763709 1.085173 1.253548 1.227048 1.236775 1.223328 1.823725 
0.948489 1.071213 0.526105 1.344036 1.461136 1.363784 1.567896 1.414627 
0.793937 1.126879 0.965376 1.710832 1.722898 1.976989 1.771486 1.536566 
1.470028 0.932914 1.154917 1.662429 1.547212 1.108109 1.528720 1.392281 
0.851949 1.081107 1.638027 1.150300 1.794674 1.176830 1.696796 1.587572 
0.690855 1.073634 1.194563 1.155413 1.443403 1.481901 1.207049 0.636789 
1.336448 1.070285 1.015969 1.453990 1.434861 1.469620 1.226505 1.090274 
1.144108 1.050306 1.056094 1.075739 0.858288 1.264699 1.441543 1.393546 
1.063485 1.307075 1.202638 0.641700 1.190845 1.157546 1.386158 1.215679 
0.852100 1.097729 1.105773 1.080311 0.507926 1.256251 1.140144 1.031634 
1.105897 0.628323 0.649413 1.259194 1.610166 1.656327 1.273100 1.321685 
1.105068 0.729182 0.958595 0.767792 1.437539 1.389666 1.549887 1.223610 
0.931099 1.107330 0.767222 1.009041 1.212020 0.979338 0.929475 1.448397 
1.613371 0.937480 1.014410 1.493451 0.669879 0.901502 0.723517 1.824509 
1.443255 1.105887 0.523745 0.696132 0.971014 1.934711 1.791328 1.746880 
0.883041 0.661357 0.612789 1.093653 1.041288 1.563811 1.365134 1.678120 
1.463352 0.988185 0.990035 0.987598 1.074285 0.777612 1.882463 1.548009 
0.914127 0.831736 1.138937 1.405524 1.233855 1.382613 1.511442 1.593845 
1.614309 1.503283 1.398629 1.165020 1.243023 0.451636 0.668266 1.040496 
1.282177 1.407912 1.844263 1.277771 1.511658 0.977568 1.997819 1.066217 
1.175906 1.395037 1.932809 1.807685 1.065731 0.936816 1.200183 1.648263 
0.981342 1.393465 1.610407 1.097651 1.281602 1.726629 1.043156 1.410524 
0.891549 1.108895 0.917287 1.360649 1.238142 1.528074 1.252074 1.042222 
1.225704 0.792030 1.012837 1.209441 1.101417 1.530589 1.126594 1.155321 
1.268677 1.373663 1.618121 1.025698 1.526290 0.837035 1.052758 1.510200 
0.944574 1.283648 0.703858 1.096457 0.877973 1.360316 1.039335 1.404840 
1.142654 0.743140 0.529604 1.466688 1.647340 1.213327 0.905901 1.043084 
0.865022 0.768318 0.756210 1.192468 1.278240 1.497027 1.466663 0.908617 
1.062003 1.143012 0.638066 1.484988 1.537876 1.426590 1.622418 1.543746 
1.047134 0.810139 0.807158 1.197598 1.090018 1.154392 1.871046 1.656473 
1.143291 1.091105 1.083519 1.562198 1.984249 1.810879 1.667717 1.633038 
0.690394 0.977193 1.250235 1.497598 1.519953 1.404142 1.226768 0.829839 
0.774900 1.244231 1.419053 1.393385 1.375994 1.944959 1.611392 1.623633 
1.377056 0.864319 1.107879 1.408383 1.473727 1.357230 1.223444 1.221878 
0.859616 0.703526 0.864940 1.314197 1.248438 1.297566 1.232887 1.671394 
1.136641 1.127934 1.706721 0.843428 1.934550 1.671144 1.892183 1.871427 
0.967736 0.815948 1.954909 1.328013 1.284340 1.724620 1.230369 1.416079 
0.673915 0.571974 0.706562 1.081053 1.043545 1.446536 1.316064 0.817298 
0.645471 0.623970 1.238633 1.049829 0.821045 1.381625 1.637787 0.810936 
