25 40 47 52 77 91 92 97 
103 17 40 50 52 77 95 97 
100 115 116 16 70 90 92 99 
100 115 18 19 39 70 90 93 
100 113 116 16 17 41 43 70 
101 115 123 125 21 22 44 99 
119 120 121 18 19 20 72 98 
116 120 121 20 22 23 98 99 
100 19 41 42 45 72 73 74 
117 121 19 20 24 42 72 74 
119 120 124 46 47 51 52 76 
120 125 22 25 46 47 52 77 
102 126 26 45 48 72 73 74 
102 103 122 123 125 128 73 77 
107 55 59 60 79 80 81 83 
105 107 27 3 5 60 79 81 
105 107 108 2 5 57 62 81 
106 31 4 58 59 7 85 86 
10 31 4 59 61 7 83 9 
10 107 32 59 60 7 8 83 
108 110 29 30 6 62 64 87 
109 12 35 6 64 67 8 88 
109 112 32 35 37 65 67 8 
10 111 32 36 37 38 87 89 
1 12 27 35 53 67 79 88 
13 28 36 38 56 69 80 82 
126 16 25 49 70 75 90 92 
26 40 50 51 52 94 95 96 
114 115 21 44 90 92 97 99 
21 40 71 91 92 97 98 99 
100 101 115 119 18 19 45 72 
116 117 121 122 20 23 24 43 
101 119 123 124 128 51 75 76 
101 119 126 45 48 72 75 76 
120 121 127 22 23 25 47 49 
121 127 24 26 48 50 72 74 
103 121 122 127 23 24 49 50 
124 24 26 46 50 51 52 74 
104 106 4 54 55 58 59 78 
1 108 2 28 30 58 63 78 
110 5 61 62 65 66 84 9 
10 111 61 63 66 83 84 9 
107 108 110 32 5 62 65 87 
106 110 29 6 62 66 84 85 
109 112 13 31 34 65 67 9 
11 111 12 38 64 86 87 89 
1 11 12 35 55 68 78 79 
13 34 36 54 55 56 68 80 
105 112 27 35 37 67 79 81 
2 28 36 37 38 80 81 89 
104 11 28 33 38 69 78 82 
1 11 12 2 28 38 78 89 
114 128 25 75 77 90 92 97 
126 39 48 70 75 76 90 93 
127 15 39 47 48 76 91 93 
102 113 126 26 48 70 93 94 
102 103 113 114 128 17 77 97 
118 18 39 40 71 91 96 98 
15 18 19 20 39 91 93 98 
116 15 16 20 91 92 98 99 
100 113 19 41 42 70 93 94 
113 114 17 21 41 43 44 97 
117 118 40 42 71 94 95 96 
120 125 21 22 46 71 98 99 
100 116 122 23 41 43 45 73 
118 123 124 41 42 44 73 74 
101 126 22 23 25 45 49 75 
119 120 121 127 47 48 72 76 
102 123 124 128 26 51 73 74 
105 27 3 4 5 54 56 61 
108 111 30 58 63 64 86 87 
10 13 31 34 36 68 7 9 
110 112 13 14 65 66 69 9 
10 111 13 36 38 66 69 9 
104 27 33 34 53 54 67 88 
104 11 33 34 54 55 68 78 
1 12 14 2 53 57 88 89 
39 40 47 51 52 76 91 96 
127 15 16 25 47 49 91 92 
127 15 26 48 50 93 94 95 
103 127 15 16 17 49 50 95 
102 113 114 128 26 51 94 96 
117 15 19 20 42 93 94 95 
113 114 118 41 42 44 94 96 
101 115 118 119 123 124 18 44 
118 119 120 124 18 46 71 98 
117 122 125 21 24 43 46 71 
101 123 125 128 22 25 75 77 
103 122 125 24 46 50 52 77 
104 106 27 29 3 4 53 54 
1 30 55 58 59 60 78 79 
1 27 29 3 30 53 60 79 
4 54 55 56 59 61 80 83 
28 56 61 63 80 82 83 84 
107 108 2 28 63 80 81 83 
104 106 28 58 63 78 82 84 
1 108 2 29 30 53 57 62 
30 58 59 60 64 7 8 86 
109 29 3 30 6 60 64 8 
109 3 31 4 5 61 65 9 
109 31 33 34 6 67 85 88 
105 112 13 14 56 57 69 82 
105 112 14 2 37 57 81 89 
114 128 39 51 75 76 90 96 
102 103 113 126 16 17 49 70 
114 115 118 18 39 44 90 96 
116 117 15 16 17 20 43 95 
117 17 21 40 43 71 95 97 
100 101 115 116 22 23 45 99 
122 123 125 21 41 43 44 73 
117 118 124 24 42 46 71 74 
102 103 122 126 23 45 49 73 
105 5 56 57 61 62 82 84 
104 106 29 53 57 62 82 84 
106 109 29 3 31 4 6 85 
107 109 3 32 5 60 65 8 
10 107 108 111 32 63 83 87 
106 111 58 63 66 84 85 86 
11 31 33 34 68 7 85 86 
11 12 35 64 68 7 8 86 
10 32 35 36 37 68 7 8 
110 112 14 32 37 65 87 89 
110 14 33 6 66 69 85 88 
11 111 33 38 66 69 85 86 
110 12 14 6 64 87 88 89 
105 112 13 27 34 54 56 67 
35 36 37 55 68 79 80 81 
104 14 33 53 57 69 82 88 
