0.797959 1.202810 0.687345 0.464211 1.009648 1.801871 0.948936 1.330402 
1.101524 1.675163 1.194404 0.631909 0.835582 1.464713 0.978512 0.798401 
0.700904 1.770803 1.548597 0.891075 1.290799 1.281345 1.086100 1.183910 
1.101333 1.608830 1.132389 1.338038 1.336341 1.615284 1.005187 1.145273 
1.195881 1.660333 1.684278 0.625977 1.361000 1.661568 0.980840 1.280605 
0.598210 2.088407 1.748534 0.881438 1.466499 1.205511 0.870753 0.918764 
1.197051 1.284445 0.517564 1.211173 0.833320 0.756129 1.007357 0.748887 
1.711091 1.318494 0.891788 0.928087 1.178304 1.116482 0.784231 0.936131 
1.510903 1.252307 1.475868 0.665520 1.046675 0.854184 1.793198 1.058741 
1.600905 0.916520 0.806203 0.738481 0.524014 0.612818 0.675013 1.318089 
0.824716 1.533583 1.755426 0.527566 0.555788 0.835840 0.868389 1.533459 
1.542477 1.485370 1.039853 0.934534 0.614416 0.603714 0.590644 1.311421 
0.950984 2.037176 0.909945 0.931427 0.887485 1.467402 1.577154 1.059705 
1.262518 1.038308 1.400666 1.284811 1.464587 1.424821 1.551422 1.418130 
1.633187 1.254296 1.126877 0.995813 0.787252 0.899968 0.991576 0.625453 
1.464360 1.225035 0.930673 0.928337 0.624020 1.059292 1.197569 0.743950 
1.118686 1.366310 1.213703 0.644245 0.748500 1.105930 1.088510 0.551213 
1.317400 0.528277 0.920827 1.173056 0.707880 1.536468 1.481340 1.054783 
1.207580 0.461951 1.072468 0.575493 1.135993 1.104607 0.563878 1.153772 
1.272282 1.635302 0.891680 0.989420 1.153432 1.159838 1.155680 0.309816 
1.399975 1.602579 0.723366 0.436093 1.303882 1.287826 1.405442 0.884432 
1.115653 0.896141 0.427872 1.300910 1.024230 1.327056 1.191079 1.099982 
0.938481 1.615157 1.064837 0.798202 1.184247 1.115004 1.499407 1.101645 
1.313745 1.573524 1.180123 1.233161 1.420494 0.953987 1.362803 1.352457 
0.661224 1.046213 1.050014 0.961865 1.445897 1.546958 1.161425 0.841787 
1.055034 0.745146 1.261031 0.836764 1.254849 1.516301 1.142154 1.109643 
1.802749 1.162029 1.153036 0.550407 1.419728 1.205711 1.204931 0.969586 
1.398025 1.137628 0.493100 0.955734 1.016017 1.166133 1.132380 1.494588 
1.801009 1.899664 1.738752 0.711832 1.140095 1.294633 1.411850 1.320593 
1.501672 1.115517 1.368718 1.525091 1.310685 1.549952 1.400096 1.568717 
0.940073 1.026467 1.690033 1.056792 0.681937 0.785688 1.369320 0.997490 
1.446240 1.106220 0.730206 1.632868 0.618651 1.020035 0.614331 0.978348 
0.788163 1.107385 1.508985 1.296026 1.477157 0.245377 1.288882 1.385797 
0.941739 1.261074 1.830703 1.084956 0.590146 1.262312 1.336357 1.480763 
1.194220 0.881817 1.434257 0.823695 1.137391 0.969506 0.469309 0.658453 
0.856861 1.292573 0.799867 1.215522 0.659797 0.360518 0.773964 0.929889 
1.361075 1.125214 1.322316 1.326093 1.163124 0.881813 0.539442 0.232885 
1.394692 0.999342 1.290901 0.642974 0.605040 0.640946 1.147085 1.064911 
1.618177 1.245643 0.717634 1.137250 1.230767 1.019351 0.835841 0.327167 
0.962534 1.523936 0.846201 0.486021 0.372967 1.394186 1.351650 0.637631 
1.615914 1.127409 1.006541 1.171956 1.040791 1.349637 0.775614 0.953657 
1.219900 1.378941 1.172914 1.243013 1.534190 0.525663 1.050362 0.732900 
1.233303 1.019148 1.758958 1.163794 0.937307 0.999016 1.149025 1.162345 
1.862844 1.571166 0.361890 1.362076 1.512599 1.620008 0.834410 1.271530 
1.419297 1.007418 1.028931 1.174493 1.030197 0.999468 1.292922 0.961744 
1.248644 1.947829 1.153818 0.815080 1.300438 0.950865 1.394181 1.191621 
0.895816 1.128521 1.122984 0.828452 1.315458 1.499473 0.529773 0.804658 
1.332095 0.895517 1.073940 1.449170 1.299587 1.144030 1.915075 0.844055 
1.797031 1.212140 0.870831 1.170145 1.361797 1.593532 1.157179 1.239048 
1.027601 0.732583 1.416349 1.345221 1.078367 1.153814 1.261874 1.243659 
1.886768 1.453905 0.888360 1.130349 0.807415 1.716617 0.521003 1.049449 
0.804382 1.486387 1.141459 0.880246 0.839512 1.204424 0.736159 1.001804 
1.586338 1.264720 0.771170 1.115369 0.980276 1.255026 0.812103 0.920613 
1.901654 1.213201 0.841255 1.526906 1.262459 1.423102 0.979008 1.070653 
1.124662 0.998874 1.450256 0.725911 0.778053 1.493729 1.108759 1.294429 
0.967020 1.742300 1.568506 1.085491 0.613099 1.354675 1.438934 0.863004 
1.396846 0.717079 1.593889 1.671070 1.448930 1.513024 1.315681 0.766857 
1.457881 0.932966 1.235885 1.159294 1.417637 1.457084 1.028069 1.351100 
1.029423 0.773553 0.782032 1.010693 1.293770 1.052730 1.143876 0.822147 
1.211786 0.613700 0.803185 0.750535 1.379105 0.895040 1.146272 1.016483 
0.718890 1.675621 1.118762 1.389113 1.110453 1.340647 0.968282 1.012148 
1.374012 1.875527 1.388052 1.386017 1.400284 0.685766 1.005729 0.846774 
1.444696 1.669161 1.060610 0.985252 1.137699 1.256982 0.917099 1.270054 
0.959573 0.849776 1.277962 0.697172 0.202536 1.437664 1.260703 0.607591 
1.198713 1.939749 1.250912 1.016301 1.209109 1.001567 0.877419 1.824245 
1.747644 1.366625 0.907619 1.244758 0.905908 0.866472 1.472810 1.030315 
0.706120 2.065070 1.123273 1.216409 1.037750 0.928267 0.445326 1.246620 
0.658298 1.213772 0.706031 1.179331 0.370125 0.999585 1.059336 1.418244 
0.762505 1.070311 1.542514 1.413263 0.937999 0.490054 1.200971 0.978711 
1.179597 0.556639 0.881816 0.865810 0.770761 1.269211 1.060179 0.914898 
1.386144 1.622917 0.155130 1.237959 0.983609 1.548152 1.075857 0.924390 
1.065384 1.511689 0.744595 1.177977 0.710676 1.501856 1.153403 0.746754 
1.468995 1.140739 1.051820 1.099224 1.328789 1.313251 1.163513 0.969146 
1.517574 1.646601 0.992112 0.772617 0.411442 1.321520 1.391615 0.753410 
1.483516 0.488313 1.227595 0.972108 1.309650 1.192894 1.318466 1.229502 
1.669491 1.193124 1.135925 0.976784 1.247379 1.214598 1.543844 0.192884 
0.514486 1.045158 1.405037 0.793644 1.222084 1.153463 0.663508 0.598071 
1.752735 1.490870 0.970623 0.840767 1.102774 1.651904 1.482605 1.588144 
1.330326 1.001414 1.411671 1.288088 0.660036 0.816307 1.141900 0.940525 
1.304706 1.001012 1.388924 0.858399 0.503836 1.329949 1.127485 1.313799 
1.096600 1.433962 1.018781 0.929146 1.400197 0.768133 0.466364 0.659906 
1.195176 1.934710 1.741730 1.695127 1.343622 0.755581 1.251922 1.608982 
1.454548 1.006229 1.150310 0.837627 1.001806 1.498290 1.391551 0.950502 
2.114756 1.871771 1.986368 1.621226 1.348156 0.954507 1.228441 1.295789 
0.691784 1.701373 1.577305 1.372942 1.706335 1.239478 1.006708 0.663094 
1.752759 0.746502 1.703617 1.443187 1.011060 0.422421 1.571563 0.861098 
1.559554 1.561932 1.508487 1.130182 0.764413 1.024403 0.613969 1.243616 
0.554819 1.485749 0.918533 1.528396 1.112472 0.708344 1.477298 0.938203 
1.110080 1.364394 1.102404 1.070228 0.764458 0.512974 0.719557 1.192863 
1.605938 1.540292 0.832990 0.469872 1.234201 0.730419 1.709596 1.255462 
1.192197 0.485993 0.994451 1.372043 0.842823 1.263246 0.312365 0.567169 
0.757357 0.709360 0.678662 1.170035 0.586553 1.354109 1.101344 0.690326 
0.717059 1.173286 1.176504 1.418380 0.781557 0.811803 0.751217 0.696298 
0.553370 1.155264 1.121735 1.411813 0.928159 1.072223 0.968966 0.967062 
1.466677 0.986721 0.831057 0.761586 1.415570 1.356573 0.840583 0.770017 
1.588417 1.338949 0.722430 1.239560 1.407659 0.615275 1.288220 0.893347 
0.972320 1.163436 0.415339 0.703940 0.646258 1.402301 0.997612 1.126905 
0.520051 1.371857 0.709128 1.202805 1.537310 1.047878 0.866291 0.710290 
0.813165 0.574840 1.077162 0.653663 1.091001 1.093806 1.069524 1.001772 
1.334318 0.795686 0.763733 0.848938 1.116345 0.825354 1.291937 1.297178 
1.195656 1.288818 1.426525 1.339682 1.190788 1.556599 1.479628 1.083940 
1.478339 1.162835 0.979586 1.386225 1.074300 1.264751 1.277468 0.752255 
1.578632 1.310677 1.351654 0.654740 1.468538 0.929125 0.901248 0.822254 
1.450123 1.453309 1.365904 0.624312 1.225804 1.431496 0.910204 1.018895 
1.135540 1.108599 1.251411 1.875105 0.933503 1.238199 0.692907 1.209898 
1.954582 1.647562 1.784295 0.758668 1.041134 1.023676 1.025662 0.809995 
1.650636 1.761281 0.861443 0.711057 1.429947 0.936810 0.644214 0.579710 
1.607323 1.613196 1.528237 1.260356 0.828869 1.560198 0.420642 1.027959 
1.188769 0.618209 1.722111 1.599204 1.069346 0.868870 1.269060 0.648292 
1.037599 1.229592 0.795188 1.312330 1.393898 1.174564 0.608995 1.558111 
1.293106 1.531886 1.413472 0.499902 0.523706 0.565417 1.260086 1.100340 
1.055752 1.213108 1.390005 1.994829 1.490963 0.883956 0.454211 1.639360 
0.935721 0.808741 1.151653 0.988216 1.016520 0.851206 0.867839 0.916297 
1.385218 1.800372 0.382007 1.393701 1.108272 1.375055 0.715533 0.804338 
1.387584 1.123818 0.393529 1.001710 0.771669 0.619269 1.439741 1.236448 
1.293486 0.887406 0.702549 0.657884 0.775924 0.556561 1.187787 0.944903 
1.474245 1.778606 1.249672 1.477313 0.735214 1.111766 0.378132 1.163419 
1.616083 1.547278 0.962382 1.159115 1.506452 0.859668 1.158902 0.899738 
0.883550 0.929216 1.403116 1.267537 1.264008 1.420138 1.770520 0.702597 
1.152915 1.060577 0.540588 0.988471 1.332217 1.156421 1.016915 1.157181 
1.389828 0.929813 0.861549 1.073456 1.316892 1.347953 0.932751 1.089317 
1.161565 1.056089 1.195795 1.295382 1.007590 0.957758 1.290588 0.711118 
1.295620 1.028997 1.242462 1.349493 1.330077 1.223019 1.527394 1.100554 
1.470004 1.848493 1.246942 0.575080 1.184875 1.822009 1.279830 1.162946 
1.115735 1.119231 1.440043 0.840372 1.074309 1.454510 0.731576 0.588364 
1.500239 1.271412 1.263607 0.514938 0.836436 1.287727 0.926198 1.539627 
1.145477 1.255174 1.309869 1.063623 1.564555 0.845163 0.833523 1.236195 
1.592165 1.195302 1.208618 1.369904 1.133931 1.484292 0.872226 1.066292 
