127 45 47 48 65 82 89 90 
12 45 47 48 55 56 58 82 
120 121 51 58 81 82 83 84 
103 11 119 121 14 15 51 86 
104 120 16 50 52 53 83 85 
104 107 122 125 13 16 54 87 
121 14 18 56 58 60 61 62 
105 106 14 56 57 60 62 85 
105 106 123 124 128 19 66 68 
106 107 109 124 125 128 68 70 
20 23 24 26 30 4 73 91 
114 2 26 28 31 32 33 73 
115 27 34 6 74 75 77 97 
112 29 30 37 4 7 8 98 
26 30 31 32 37 4 73 98 
30 32 5 6 73 74 98 99 
100 114 116 31 32 33 38 40 
102 117 36 37 43 7 78 80 
101 111 40 41 9 92 93 95 
11 119 127 45 47 69 71 89 
127 46 47 64 66 81 82 90 
108 128 51 66 81 82 83 90 
103 108 11 119 51 67 69 71 
103 109 11 50 52 67 68 69 
109 128 50 52 53 68 70 83 
11 119 12 15 45 47 55 86 
104 119 13 46 47 53 55 86 
118 12 45 48 49 54 56 57 
103 14 48 49 50 56 57 85 
103 11 14 15 16 50 52 85 
12 126 15 17 55 59 86 88 
107 12 15 16 17 54 87 88 
12 17 55 56 58 59 60 61 
122 123 13 55 58 59 61 84 
105 106 120 123 124 57 84 85 
120 121 123 124 18 58 61 84 
121 126 14 15 18 62 86 88 
107 109 17 63 69 87 88 89 
122 125 126 127 59 64 70 71 
105 17 19 60 63 65 87 89 
105 122 123 19 63 64 66 87 
122 123 127 59 61 64 66 90 
108 126 18 62 67 69 71 88 
106 107 109 62 67 68 69 88 
1 2 20 26 28 73 91 92 
110 21 27 72 74 75 93 97 
1 110 2 20 21 26 27 75 
1 111 112 2 28 29 92 94 
111 28 29 76 92 93 95 97 
111 24 25 29 30 5 76 95 
112 113 22 23 3 4 94 96 
24 25 30 5 72 73 74 91 
110 113 25 27 5 72 74 96 
114 115 28 32 6 73 74 97 
2 26 27 31 33 34 75 77 
112 114 2 28 29 33 7 8 
114 115 28 29 35 76 8 97 
112 2 3 33 34 36 7 75 
100 116 31 33 34 39 42 77 
101 114 116 33 40 7 8 80 
116 117 33 34 36 42 7 80 
101 37 43 44 7 8 80 98 
38 40 41 72 79 91 92 93 
110 21 39 41 42 72 79 93 
1 101 111 116 40 80 92 94 
117 21 22 41 42 9 93 95 
101 111 23 24 43 44 80 94 
10 101 111 24 25 44 9 95 
100 20 23 24 38 43 44 91 
10 102 110 25 39 72 79 96 
100 102 110 20 23 39 43 96 
109 118 46 52 53 63 64 70 
11 118 12 15 16 45 52 54 
104 118 13 16 46 52 53 54 
13 46 47 55 58 81 82 84 
120 49 50 57 81 83 84 85 
104 122 125 126 13 55 59 86 
104 120 121 124 125 126 18 86 
107 109 122 125 63 64 70 87 
108 18 60 61 62 65 67 90 
21 22 3 75 76 93 95 97 
1 112 2 21 22 3 75 94 
113 22 25 3 5 76 95 96 
115 3 34 35 36 75 76 97 
29 30 35 5 76 8 98 99 
113 26 27 31 37 4 77 78 
114 115 32 38 40 41 6 79 
100 31 32 37 38 43 44 98 
1 100 116 20 38 40 91 92 
1 116 117 21 22 42 80 94 
109 11 118 45 52 63 69 89 
118 19 45 48 49 63 65 89 
118 19 46 49 63 64 66 81 
103 108 48 51 65 67 82 90 
128 19 49 50 66 68 81 83 
108 119 128 51 53 70 71 83 
118 13 46 49 54 57 81 84 
106 107 14 15 16 62 85 88 
104 106 107 120 124 125 16 85 
126 127 17 59 69 71 88 89 
105 106 19 60 62 65 67 68 
108 124 125 126 128 18 70 71 
111 112 23 24 29 30 4 94 
113 27 5 6 74 77 78 99 
101 114 115 35 40 41 8 9 
10 101 35 44 8 9 98 99 
10 32 38 44 6 79 98 99 
102 117 22 23 43 80 94 96 
10 24 25 38 44 72 79 91 
119 127 46 47 53 64 70 71 
103 19 48 49 50 65 67 68 
103 121 14 48 51 56 58 82 
104 119 120 121 51 53 83 86 
105 12 17 54 56 57 60 87 
105 122 123 13 54 57 84 87 
127 17 59 60 61 65 89 90 
108 123 124 128 18 61 66 90 
28 72 73 74 91 92 93 97 
110 113 20 23 26 27 4 96 
113 3 35 36 5 76 78 99 
112 113 3 36 37 4 7 78 
115 34 39 41 42 6 77 79 
115 117 34 35 36 41 42 9 
10 102 117 35 36 78 9 99 
10 102 39 6 77 78 79 99 
100 102 31 37 39 43 77 78 
1 100 110 116 20 21 39 42 
10 102 117 22 25 9 95 96 
