1.326716 0.508726 0.584551 0.851030 0.721909 1.356100 0.882964 1.217813 
1.431344 0.569659 0.807548 0.861312 0.820955 1.148531 1.051379 1.342681 
1.386766 1.725462 0.543188 0.666822 1.197931 1.386451 1.140752 1.319571 
0.724932 0.823115 1.406266 1.551856 0.651201 0.512980 0.727627 1.046292 
1.020631 1.323492 1.046688 0.789219 0.899500 1.048581 1.216308 0.945280 
1.022927 0.572223 0.989085 1.642560 1.146587 1.194278 0.723955 1.472738 
1.487007 0.826855 1.183013 0.780096 1.055804 1.408962 1.079965 0.362314 
1.174214 0.820257 1.067397 0.851847 1.112222 1.071691 0.460748 1.108132 
0.964177 0.637087 1.344294 1.058481 1.076953 1.146267 0.361502 0.566944 
0.589186 0.812056 1.361331 1.036537 1.557869 1.188258 0.765628 0.848979 
1.173265 0.667881 0.730107 0.456716 0.584047 1.306606 1.219893 1.105952 
1.301160 1.048079 0.868508 0.408962 1.095325 0.685714 0.277554 1.314591 
1.661413 0.783253 0.616411 0.946494 1.141123 1.625119 1.581798 0.835256 
1.065297 0.449955 0.742601 0.859181 1.092892 0.776192 0.925478 1.244998 
0.772043 0.595519 1.527727 1.098029 1.418450 1.521615 1.273730 1.491169 
0.582056 0.758757 1.274765 1.311197 1.349721 0.891240 1.239313 0.986389 
1.650709 1.216380 1.737485 1.325114 0.970177 0.374652 1.140127 0.731805 
1.005304 1.869800 0.789353 1.064057 0.895883 0.829911 1.752397 1.030604 
0.207646 1.231300 0.976816 0.929135 1.409131 0.947580 1.319968 0.882854 
1.065167 1.582834 1.416043 0.398974 0.570699 0.409923 0.634911 0.955407 
1.418587 1.074069 0.525723 1.029181 0.727516 1.409746 1.220429 1.319115 
0.722729 1.322956 0.639732 0.367266 1.068775 1.295902 1.121804 1.384401 
0.862029 1.301413 0.760579 1.153256 0.732557 1.224843 0.566507 0.758326 
1.124144 1.449611 1.062155 0.894812 0.921925 1.107479 1.031482 0.467780 
1.194344 1.397204 0.906046 1.049867 1.161289 0.792424 1.033457 1.286716 
0.533502 1.284286 1.026513 0.269531 0.343510 1.133028 0.728352 1.123773 
1.201955 1.539868 1.599258 1.082553 1.183085 1.270501 0.636940 1.237498 
1.735971 0.992867 0.327459 1.264150 0.948022 0.959030 1.069545 1.249090 
0.892818 0.939005 1.204608 0.925378 1.009877 0.913926 1.141394 0.981414 
0.809576 0.699889 0.854796 0.186951 0.909735 1.036828 0.660659 0.953939 
0.958952 1.300252 0.610329 0.895429 0.756508 0.665643 1.220560 0.726027 
0.635663 0.796958 0.407019 0.930081 0.789095 0.617002 1.348744 0.840384 
0.921686 0.731626 0.788556 0.867598 1.213902 0.753267 0.979009 1.181696 
1.343836 1.361196 1.011260 0.699503 1.222139 0.859022 1.274845 1.125727 
0.898192 0.577487 1.649088 1.227687 1.256812 0.799689 1.186736 0.919143 
1.246735 1.337472 1.513401 1.066955 0.769422 0.719516 0.745375 1.213517 
1.026714 1.201006 0.529227 0.278398 0.958291 0.439683 0.831565 0.883926 
0.901376 1.316001 0.917147 0.567973 0.355216 1.405495 0.974851 1.191186 
1.726131 1.573627 1.333777 1.832190 0.561843 1.003896 1.163783 0.518192 
1.031222 0.652356 1.204053 0.920904 0.666744 0.772033 1.452765 1.083006 
0.520979 1.408133 1.448038 1.183211 0.666028 1.232378 0.441605 1.307686 
1.766865 1.482246 1.677929 0.560670 0.767080 1.017298 0.537313 1.189655 
0.941776 1.071174 1.121794 0.640807 1.193229 0.592318 0.678218 0.966715 
0.913628 0.772549 1.272058 0.935650 1.357217 1.037424 0.561479 0.955163 
1.368176 0.809642 0.942040 0.812796 0.397046 1.323168 0.817183 0.972081 
1.792935 0.942805 0.536179 0.919958 1.147068 1.290438 1.136035 0.750097 
1.154707 1.500445 0.652052 0.721064 0.663846 1.209386 0.906099 1.549325 
1.213201 1.368170 1.403608 0.536461 0.740618 0.617757 1.005345 0.410955 
1.353407 0.823093 0.737224 1.905499 0.902334 1.017657 0.957467 1.189647 
1.355794 0.525073 0.696373 0.503657 0.919589 1.218292 1.523404 1.012732 
0.947956 1.452376 1.185358 0.715385 1.201097 1.220859 0.914738 1.186493 
0.551061 0.834907 0.542342 1.307047 0.982511 1.003795 0.828135 0.706372 
1.535290 1.674976 0.616959 0.540962 1.123969 1.098542 1.217883 0.915683 
1.258645 1.499972 0.466786 0.593034 0.959898 1.195797 0.721322 0.979904 
0.693511 0.855378 0.410805 1.249755 0.421712 0.995403 1.322812 1.749093 
1.072783 1.443887 0.752175 0.526294 0.307094 0.229813 0.679780 0.708157 
1.126702 1.781749 0.673177 0.502249 0.807303 1.926212 0.858780 1.005537 
0.866888 0.715444 1.211693 0.645435 1.316364 1.071596 0.940008 1.113937 
1.262489 1.556938 1.325845 0.553376 1.318672 0.977867 1.191641 1.906618 
0.371725 1.182950 1.559664 0.237118 0.647223 1.191987 0.770945 1.063379 
1.808800 1.609587 0.571914 1.327749 1.056223 0.988405 0.983402 0.578689 
0.450357 1.088553 0.970101 0.806481 0.631396 0.592717 0.990621 1.098154 
1.061906 0.978275 0.976285 1.004018 1.467310 0.923324 0.930308 1.138614 
1.463488 0.851117 0.887679 0.965543 1.114678 0.995830 1.249346 1.377040 
1.231394 0.317660 1.374775 1.353864 0.834032 1.268461 0.752273 0.586980 
1.647742 1.252312 1.292899 0.877629 1.337568 1.238915 1.380964 0.902498 
0.298092 1.217059 0.911893 0.564324 1.157508 0.863034 1.114767 0.631410 
1.115173 0.151777 1.348528 0.742166 0.662700 0.795522 1.100711 0.631710 
1.793407 1.111736 1.097025 0.769854 1.139765 1.400077 0.910775 1.028466 
0.999307 1.198746 1.702512 0.663095 1.081893 1.163013 1.267143 1.104368 
1.590094 1.694083 1.398993 1.059436 1.010199 0.989478 1.207408 1.197864 
1.184690 1.636824 0.916221 0.874728 1.273187 0.570960 1.048103 1.155708 
0.842634 1.789937 1.052015 0.305868 1.136405 0.407882 0.575248 0.782761 
0.861994 1.640467 1.347386 0.855183 1.086638 0.536313 1.305211 0.518121 
1.508143 0.862021 0.858748 0.644239 0.488849 0.927481 1.139535 1.021327 
1.044194 0.611452 0.491826 1.067897 0.851295 0.739875 0.803911 0.778113 
0.676297 1.087971 1.176990 0.942917 1.177481 0.701867 0.630442 1.216086 
0.726629 1.306640 1.356105 1.113731 1.372289 0.840293 0.836559 0.972888 
0.290478 1.211721 1.306354 1.363571 0.746360 1.024609 0.973008 1.338423 
0.702826 1.211311 1.104861 0.398812 0.670998 0.955897 1.183722 1.276113 
0.969102 0.943628 1.143084 1.022156 1.368583 1.231826 1.007650 0.980494 
1.249051 1.336637 0.526570 0.649831 1.137367 1.387242 1.209565 0.420512 
1.468521 1.009419 0.565218 1.096876 1.032481 1.203841 0.952425 1.103909 
1.828380 1.272114 0.758739 0.821096 1.124078 1.171245 1.376205 0.558136 
0.304121 0.733449 0.932690 1.047515 1.583091 0.821556 1.004635 0.836096 
1.406659 0.732131 0.483557 1.118288 0.833848 1.048011 1.726865 1.786845 
0.870267 1.347801 0.655238 0.758755 0.692266 0.501294 0.961737 1.035456 
1.499836 0.962513 0.859676 1.354118 1.085079 1.129393 0.729180 1.280035 
0.996010 1.151499 1.141313 0.714470 1.045879 0.766356 1.268381 0.885885 
1.047876 1.227165 2.071063 0.710114 1.250190 0.815452 0.868402 0.465370 
1.446147 1.137602 1.690000 0.437553 0.844977 0.668939 0.444342 1.482956 
1.869226 1.082440 0.434256 1.034622 0.579517 0.532357 0.619691 1.057992 
1.663393 1.205899 1.068826 0.473545 0.536203 1.287595 0.618133 1.364956 
1.203586 1.229007 0.906315 1.166376 0.849737 1.170493 1.362504 1.515487 
1.714626 1.051881 0.635315 0.971315 0.372762 0.559192 1.400323 1.513290 
1.070961 1.476295 1.475470 0.848391 1.068566 1.030878 0.591666 1.367946 
1.939330 1.295408 0.886026 0.818428 0.981163 1.064922 1.400999 1.082793 
0.736175 0.800203 0.893734 0.512232 0.991823 0.472970 0.754677 0.863615 
0.701348 0.839692 0.542617 1.478699 1.117604 1.435420 0.890966 0.745803 
1.630126 1.574138 0.946410 0.405219 0.556872 0.627907 0.948479 0.910281 
1.012570 1.165248 1.233176 1.432920 1.094797 1.043122 1.338962 0.937568 
0.892394 0.868898 1.447687 1.188512 1.211857 0.890301 0.942658 0.836365 
1.519270 1.025950 0.620602 0.647961 0.310198 0.609737 1.168807 0.748005 
1.743276 0.521029 1.075965 0.977325 0.774939 1.386193 1.762080 0.627309 
0.234753 1.219018 1.911875 1.123780 1.018315 0.573907 1.009589 1.410552 
1.041260 0.466206 0.896643 0.699618 0.799203 1.210567 1.312696 1.233418 
1.267820 0.899026 1.227908 0.653473 1.073141 0.930747 1.443208 1.002169 
1.292009 1.445968 1.127935 1.086850 1.034041 0.893202 0.824141 1.263178 
1.366747 0.714095 0.665757 1.077969 0.612706 1.001731 1.301726 1.044962 
1.498889 1.668041 1.158797 0.683031 1.164357 0.939387 1.129928 0.356068 
1.158399 0.961724 0.944951 0.512702 0.844993 0.768866 0.883831 0.786337 
0.799740 1.225512 0.703003 1.151599 0.509379 0.853965 0.505673 1.458102 
0.984017 1.315904 1.013591 1.150108 0.283126 0.952386 0.947609 0.789701 
0.691268 0.966333 0.657695 0.869017 1.107502 0.817567 0.929074 1.145443 
0.743835 1.053883 1.246738 1.049838 0.455113 0.805235 1.169722 1.025794 
1.144279 0.895021 0.505240 0.985587 1.128614 0.453149 0.708042 1.112202 
0.423055 1.278848 0.857837 1.075901 1.147639 0.662215 0.207857 1.624381 
0.461310 0.929365 1.283722 1.017104 0.673464 1.131667 1.088890 1.129318 
1.514847 1.670400 0.943463 0.333758 0.551177 0.427086 1.150110 1.043204 
1.261616 1.081150 0.999636 0.806795 0.885967 1.272447 1.688292 0.915042 
0.655394 1.254029 1.289708 0.726049 0.485605 1.037333 0.552852 1.605148 
1.396601 0.760186 1.061178 0.669359 1.312461 0.567539 1.229597 1.049501 
1.679986 1.623270 0.848231 0.744372 1.281625 0.767275 1.111815 1.117401 
0.830894 0.685198 1.302761 0.888056 0.885265 1.791992 0.941900 0.867493 
0.995401 0.978982 0.782497 1.009987 1.234731 1.696065 0.935497 0.808122 
1.778635 1.187139 1.148046 1.153630 0.988477 0.781791 1.434518 1.637901 
0.968471 1.366754 1.631341 1.107147 0.684921 0.658067 1.163615 1.166872 
0.888010 1.073477 1.450081 1.187704 0.650881 0.922251 1.139663 1.089579 
