115 22 23 39 43 66 78 85 
113 22 23 39 63 78 81 82 
112 113 128 26 41 64 80 81 
114 25 40 63 65 82 83 84 
112 117 118 21 24 25 29 30 
113 22 23 28 63 67 68 69 
118 23 24 25 29 63 67 69 
113 26 63 65 68 69 71 72 
26 27 31 64 66 70 71 74 
114 115 116 119 120 65 72 73 
117 121 122 28 31 36 37 74 
117 121 122 28 30 68 75 76 
118 124 30 34 35 70 73 75 
123 125 68 69 71 72 76 77 
120 126 34 35 36 70 73 74 
125 31 34 36 37 70 71 74 
119 125 31 37 38 71 72 77 
121 122 127 36 37 42 78 85 
125 128 34 36 37 41 42 85 
125 37 38 41 43 77 83 85 
44 45 49 5 50 87 89 96 
1 2 45 50 6 87 94 96 
1 2 46 6 7 88 94 95 
44 46 49 5 7 88 89 95 
4 46 47 5 51 53 7 89 
3 52 55 8 9 90 92 93 
44 49 50 54 87 9 91 92 
100 11 12 50 6 94 96 98 
49 5 56 57 7 95 97 99 
101 12 13 5 51 52 56 96 
11 16 17 50 55 9 94 98 
100 106 107 57 59 60 98 99 
103 104 107 56 57 60 97 99 
101 108 109 110 13 15 16 19 
102 108 110 111 13 15 58 62 
103 11 110 15 16 18 19 97 
11 16 17 18 19 20 59 98 
102 111 17 20 59 60 98 99 
1 106 107 2 46 59 60 88 
104 107 108 4 46 47 62 89 
109 19 20 3 61 90 92 93 
103 110 18 19 44 87 91 92 
1 111 20 48 59 60 88 93 
116 127 21 24 27 42 79 86 
112 113 127 21 22 78 80 81 
23 24 25 39 40 63 79 82 
112 114 128 25 40 64 80 84 
114 115 116 43 65 83 84 86 
116 117 120 21 24 27 29 74 
117 21 22 27 28 31 66 74 
112 114 118 25 30 64 70 73 
112 113 26 30 64 68 70 71 
114 118 25 63 65 69 72 73 
114 116 120 27 64 70 73 74 
115 119 26 31 65 66 71 72 
117 118 121 124 29 30 33 75 
118 123 124 29 32 33 67 69 
118 123 124 35 69 72 73 77 
122 32 37 38 39 43 78 85 
126 32 33 38 39 43 79 86 
123 125 41 76 77 81 82 83 
123 124 35 40 77 82 83 84 
2 4 46 53 6 7 8 90 
3 47 51 52 54 9 91 92 
10 4 48 53 55 8 90 93 
1 50 55 87 9 92 93 94 
100 57 6 7 94 95 98 99 
100 101 12 14 52 6 8 96 
100 14 53 57 58 6 7 8 
101 13 15 16 51 52 54 9 
101 14 16 17 52 55 8 9 
10 102 14 17 53 55 58 8 
10 102 13 15 51 53 54 58 
11 15 16 49 50 54 9 97 
101 104 105 108 109 12 13 56 
100 101 105 106 109 12 14 61 
102 111 14 17 20 58 61 62 
1 105 106 18 2 45 59 87 
103 104 107 44 46 60 88 89 
104 105 108 109 3 45 47 89 
105 106 109 2 3 45 61 90 
106 107 2 4 46 61 62 90 
111 20 4 48 61 62 90 93 
108 110 111 4 47 48 62 91 
1 18 19 20 59 87 92 93 
103 110 111 44 48 60 88 91 
127 21 22 27 42 66 78 85 
115 116 23 24 39 43 79 86 
112 127 21 24 25 40 79 80 
113 26 41 63 65 81 82 83 
114 116 128 27 42 64 84 86 
128 26 27 41 42 64 66 85 
115 26 41 43 65 66 83 85 
115 119 22 23 28 31 66 67 
115 116 119 120 23 24 29 67 
112 113 117 21 22 28 30 68 
117 120 121 126 29 33 36 74 
119 122 28 31 32 37 38 67 
119 120 126 29 32 33 38 67 
122 123 28 32 67 68 69 76 
125 30 34 68 70 71 75 76 
119 120 126 35 38 72 73 77 
121 126 127 33 36 42 79 86 
121 124 127 33 40 75 79 80 
121 122 127 75 76 78 80 81 
122 123 32 39 76 78 81 82 
123 124 32 33 39 40 79 82 
124 128 34 35 40 75 80 84 
125 128 34 41 75 76 80 81 
126 128 34 35 36 42 84 86 
126 35 38 43 77 83 84 86 
3 45 47 5 51 52 89 96 
2 3 45 52 6 8 90 96 
10 4 47 48 51 53 54 91 
1 10 48 55 88 93 94 95 
10 44 48 49 54 88 91 95 
11 12 49 5 50 56 96 97 
13 5 51 53 56 57 58 7 
10 102 17 55 94 95 98 99 
10 102 15 49 54 95 97 99 
103 104 105 11 12 18 56 97 
100 105 106 11 12 18 59 98 
100 106 107 14 57 58 61 62 
104 107 108 13 56 57 58 62 
101 109 14 16 17 19 20 61 
102 103 110 111 15 60 97 99 
103 104 105 18 44 45 87 89 
108 109 110 19 3 47 91 92 
