1.101907 1.055138 0.755330 0.796802 0.933593 0.752212 0.663261 1.274503 
1.176111 0.854474 0.793414 0.967066 0.450211 0.686171 1.246282 0.874936 
1.473947 1.372266 1.511033 1.191652 1.129232 0.537985 1.104843 0.844156 
1.185520 0.841092 1.228979 0.815759 0.891935 0.773762 1.152715 0.941387 
0.853163 1.076501 0.558358 0.678474 0.551347 0.445090 0.880709 0.970457 
1.041305 0.773491 1.151978 1.238611 0.499083 0.823351 1.052279 1.018809 
0.710112 1.152358 0.444904 0.640124 0.676855 0.657566 0.723063 0.943934 
1.260652 1.449147 0.767213 0.914159 1.172250 0.804824 1.052960 1.201001 
1.632821 1.342448 1.475869 0.597825 0.750334 1.170297 0.667970 0.631928 
1.316398 1.352841 1.105686 1.299397 1.276391 0.969628 0.841175 0.648387 
1.084104 1.046072 0.986487 1.123163 0.972857 1.146699 0.563166 0.236222 
0.643173 1.439773 1.231955 1.043624 0.999504 0.775823 1.189444 1.297302 
1.120137 1.151966 1.211266 1.360241 1.120215 0.549058 0.634348 0.827799 
1.535507 1.688035 1.267665 0.905970 0.559154 0.937956 1.364280 0.895513 
1.585200 1.032717 1.134431 1.047896 1.150670 0.703701 0.615860 0.461093 
0.993271 1.037890 1.247923 1.005553 0.580052 0.852502 0.652603 0.313535 
1.274849 1.188098 0.858434 0.642066 0.784593 0.586810 1.018537 0.422582 
1.102185 1.340014 1.406634 0.764361 0.677088 0.985712 1.084468 0.615069 
0.796665 1.212832 1.088138 0.854527 0.887477 1.314551 1.164162 0.392081 
0.976664 0.922471 1.000849 1.464875 1.157969 0.492577 0.850183 0.562867 
0.949444 0.636999 1.033682 1.487788 0.716208 1.470314 1.372955 1.569368 
0.875803 0.630928 0.572994 0.591773 0.214033 1.343659 0.816903 1.219751 
0.589295 0.586073 0.204722 0.607604 1.058853 1.135602 0.898467 1.043042 
1.011415 0.114824 0.883406 1.184886 0.596436 1.715246 1.372817 1.025725 
1.213036 0.315943 0.784966 1.365840 1.048832 0.545915 1.080722 1.222142 
0.988851 0.470384 0.497287 0.737470 0.999221 0.488865 0.910734 1.075524 
0.556042 1.382306 0.831066 0.750499 1.081014 0.951571 1.341577 0.942481 
0.967820 1.102223 0.920405 0.323769 0.555536 1.070840 1.192116 1.134661 
0.675827 1.487423 1.056046 0.872207 0.799470 1.224142 1.516983 1.491011 
0.988735 1.245404 1.309434 1.585911 0.763021 0.827380 0.868645 1.327755 
1.067412 0.636550 0.684866 0.571912 0.306486 0.995775 1.368294 0.648280 
0.985314 1.056493 1.469954 0.908344 0.527083 0.656511 1.501046 1.447359 
1.359295 1.328413 1.506337 0.869028 0.707519 0.679647 1.321678 1.360870 
0.790159 0.908383 0.876037 0.617862 0.901351 0.594901 0.542573 0.703105 
1.193718 0.912631 1.031985 1.124464 0.751798 0.598767 0.749854 0.753612 
1.026290 1.019387 0.664583 0.694472 0.382788 0.611704 0.552589 1.282639 
0.723845 0.245172 0.535306 0.812281 0.873087 0.740305 0.517367 1.065039 
1.003224 1.086863 0.685295 0.827112 0.418077 0.774901 1.087973 1.335237 
0.644209 1.022894 1.499833 0.774722 0.330640 0.677184 0.710532 1.021821 
1.282454 1.621511 1.563952 1.033768 0.345584 0.488454 0.557771 1.553050 
0.817903 0.980245 0.962795 0.826146 0.446728 0.732709 0.724747 0.964261 
1.109534 0.889927 0.749453 0.777950 0.792866 1.052761 1.225431 0.833495 
0.850969 1.040800 1.012570 0.737445 0.437394 0.774156 1.334816 1.000080 
1.159313 1.337049 0.843038 1.059819 0.931503 1.496787 0.803790 0.947821 
0.917880 1.033384 1.556907 0.612002 1.050974 0.870710 1.083914 1.112872 
1.131256 0.783575 0.689431 1.201997 1.268102 0.545248 0.602875 0.668674 
1.190065 1.048025 1.749065 0.660638 1.026058 0.553373 0.731777 0.600315 
1.207129 1.368684 1.150239 1.230171 0.760319 1.034514 1.038949 0.886064 
1.058259 0.945554 1.315877 0.654146 0.692519 1.316963 0.518166 0.728492 
0.914724 0.675937 1.022619 1.185184 0.930334 1.074492 0.662467 0.511965 
0.700704 1.183905 0.452601 0.603771 0.741039 0.934126 0.793324 0.747753 
1.038881 1.112270 1.421981 1.235980 0.562483 0.962679 1.138483 0.831155 
1.040248 0.907270 0.724188 0.575620 0.884600 0.965869 1.141601 0.913041 
1.103974 0.969360 1.491672 1.185110 0.566833 1.114213 0.540757 0.634460 
1.629539 1.456939 1.632155 1.261585 0.866704 0.804029 0.815428 0.891809 
0.581431 0.470199 1.386082 1.082898 0.856915 0.774933 0.957358 0.751900 
0.770087 1.189225 1.145144 0.820178 0.954905 0.964535 0.803250 0.738870 
1.132051 1.392173 0.988438 1.490921 0.986359 1.124853 0.475161 0.783891 
1.262826 0.891398 0.888215 0.865546 1.094490 0.884450 0.686821 0.653640 
1.382826 0.954537 1.041395 1.035358 1.029031 1.043802 0.816146 0.842610 
1.553640 1.416907 1.408921 1.191943 0.788335 1.168901 1.073544 0.855716 
1.589993 0.946221 1.593787 1.247081 1.026558 0.760181 1.271340 0.606566 
0.872560 1.263745 0.217908 0.380087 0.569593 1.181433 0.781592 0.893992 
1.216439 0.762212 1.506395 0.518654 0.765577 0.830119 1.465371 0.815027 
1.619943 1.154131 0.537159 0.494816 0.327662 0.758738 0.668802 1.134356 
0.874802 0.601426 0.193183 1.003524 0.696778 0.898859 0.939480 1.258511 
0.742335 0.762448 0.397215 0.769422 0.766915 0.930190 1.273386 1.248723 
0.839507 0.877792 0.910771 0.827619 0.309970 0.545301 0.719752 0.872767 
1.118529 0.812168 0.600263 1.033547 0.940095 0.917368 1.282268 0.767599 
0.389746 0.806074 0.815029 0.779876 0.961828 0.690914 0.909235 0.993722 
0.827326 0.473834 0.667419 0.880854 0.516163 0.274717 0.904762 0.706231 
1.435798 1.058879 0.764587 1.175730 0.639644 0.240594 0.942291 0.944439 
1.466834 0.917202 1.121005 0.978094 1.234538 0.707269 0.654019 0.588782 
0.999992 0.841882 0.614075 1.336491 0.707384 0.748536 0.814079 1.073883 
0.441781 1.348252 1.126183 0.944677 1.167122 1.191164 0.791189 0.731617 
0.892556 0.616966 1.139337 1.266555 1.369377 1.216324 0.710982 0.368328 
0.954584 1.010622 0.818462 0.822441 0.782147 0.811120 0.577021 0.910227 
0.849011 1.004123 1.097140 1.376756 0.788722 0.694341 0.523425 1.023372 
1.770749 1.213720 1.399558 0.955228 0.174146 1.023267 1.747222 1.616177 
1.196093 1.332140 1.125219 1.163027 1.247016 0.803840 0.408761 1.500925 
1.327088 1.319113 0.972500 1.045547 0.924175 0.701386 0.466183 0.549511 
1.071230 1.416974 1.125349 1.120548 0.195934 0.813462 0.595082 0.933956 
1.095389 0.836967 1.163758 0.573626 0.309022 0.819662 0.868999 0.686284 
1.087166 1.438893 1.390589 1.242833 0.565462 0.841588 0.418412 1.545696 
1.292214 1.034586 0.666406 0.712065 0.482485 1.113676 0.668465 0.668948 
1.391387 1.261876 1.209948 0.831375 0.487864 0.781828 1.783205 1.396287 
1.079966 0.847096 1.282450 0.901782 1.230872 0.480792 0.591403 0.708260 
0.754472 0.983129 0.689293 0.887895 0.621379 0.813032 0.733750 1.030219 
0.754524 1.491112 0.468035 0.703987 0.296317 1.170464 0.618820 0.830854 
0.934177 0.948762 1.292501 0.617550 0.581229 0.802782 0.861542 1.023085 
1.252048 1.319218 1.378505 0.975151 1.223008 0.401794 0.771220 0.782741 
1.012182 1.222229 1.018068 1.100502 1.234076 0.264178 0.764097 0.587322 
1.350404 1.279805 1.316107 1.025265 0.828387 0.669189 0.582791 0.486940 
1.040138 1.288379 0.733814 0.725347 1.072080 1.194621 0.700215 0.389083 
1.028341 0.819550 1.252240 1.143760 0.766518 0.535499 0.770426 0.486827 
0.623876 1.134042 0.559193 0.688610 0.905695 1.032598 0.722356 0.351735 
1.066189 1.133079 1.136439 0.923770 0.868455 0.863698 1.129108 0.068178 
0.950762 1.033324 0.903485 0.416163 0.935045 0.738499 0.689751 0.718567 
1.135897 0.920150 1.270592 0.827672 1.001487 1.068181 0.838549 0.728232 
1.210334 1.256020 1.134482 0.902877 0.775936 0.824280 0.768250 1.021950 
1.405364 1.216502 1.493773 1.258595 0.535145 0.888130 0.886263 1.151268 
1.179020 1.205216 1.065943 1.421117 0.900719 0.817155 0.380054 0.506229 
0.986452 1.261063 1.105835 0.936643 0.827676 1.047447 0.857360 0.721637 
1.457999 0.778493 1.529787 1.164390 1.120088 1.170873 0.483535 0.835824 
1.216505 1.358719 1.392170 1.005718 1.113903 0.681509 1.117975 1.269863 
1.558601 1.107990 0.799141 0.955786 1.173915 0.726131 1.202408 0.499579 
1.223401 1.000045 1.023027 1.207320 1.168506 1.337283 0.486244 0.577301 
0.758212 1.550329 1.108254 1.122018 1.458645 0.792293 0.879988 0.545362 
1.120918 0.798234 1.156807 1.094332 1.156202 1.511332 1.049036 1.001360 
1.154052 1.038338 0.826296 1.063563 0.784324 1.031994 0.767848 0.803326 
1.155903 1.197346 0.954952 0.926065 0.366982 0.892351 0.916762 0.859342 
1.497936 0.531033 0.844570 1.248406 0.702499 0.465910 1.293617 1.099249 
0.847944 1.197050 0.384793 0.200117 0.420757 0.555953 0.506211 1.371309 
1.573372 1.125141 0.608362 0.530487 1.138135 0.287441 0.633633 1.562440 
0.608024 1.260082 0.425301 0.384447 0.981365 1.032544 0.988383 1.044461 
1.274216 0.809021 0.546551 1.088199 0.509992 1.523874 1.680367 1.149511 
1.146730 0.745177 1.014430 1.467643 0.606217 0.573764 0.997417 1.515682 
1.278982 1.277306 0.647672 0.543281 0.758878 1.002796 0.984571 0.908058 
1.146302 0.779216 0.808505 0.109711 1.154650 1.186414 0.971339 1.137605 
1.127105 0.841010 0.977350 0.948306 0.670471 1.113170 1.222979 0.957203 
0.961886 1.157256 0.821784 0.757251 0.976081 0.748910 0.861781 1.115010 
0.634618 0.914852 1.193019 0.681092 0.714081 0.967838 0.317174 0.927382 
0.931168 0.993277 1.303250 0.838159 0.750397 0.717465 0.602443 0.783934 
0.997540 1.399182 0.924686 1.024291 1.150967 1.077336 0.614144 0.405307 
0.599445 0.709133 0.812096 0.323747 0.765777 0.462914 0.505407 0.321149 
0.604395 1.250799 0.911160 0.849454 0.365728 0.583139 0.916614 1.210612 
1.045653 1.193524 0.967044 0.943178 0.431346 0.643902 0.790076 1.487124 
1.125048 0.264465 0.710806 0.671982 0.993799 0.834308 1.195817 0.356707 
