104 108 109 125 128 24 37 86 
109 128 24 25 29 37 43 83 
104 125 23 26 27 38 82 84 
24 25 37 39 69 70 83 85 
105 107 126 28 29 41 42 43 
105 108 126 127 28 42 71 86 
106 107 109 128 29 40 41 43 
104 108 115 23 28 32 72 73 
104 108 109 115 24 73 74 77 
109 110 24 25 29 74 77 78 
104 111 112 24 27 69 73 74 
110 112 24 25 69 70 74 75 
106 107 112 31 69 70 75 76 
105 107 113 28 29 31 32 78 
110 117 124 74 77 78 79 81 
111 112 117 118 119 33 73 74 
113 120 121 123 30 31 34 75 
113 114 115 121 32 35 36 80 
114 115 122 124 36 76 77 80 
116 120 34 79 82 83 84 85 
119 120 122 123 39 40 41 85 
121 123 126 35 41 42 43 81 
3 44 50 51 8 87 88 90 
1 10 11 12 2 4 89 9 
10 12 2 4 44 50 51 88 
3 45 46 51 88 90 91 92 
11 3 46 47 52 89 90 92 
14 44 5 50 6 8 87 93 
10 14 2 44 5 50 7 94 
17 51 55 56 90 91 92 98 
13 14 17 57 58 59 91 94 
14 18 50 58 8 93 95 96 
100 16 54 56 61 63 64 96 
101 17 20 55 56 63 66 98 
100 102 18 22 58 60 95 96 
100 102 103 18 19 54 61 96 
1 2 4 61 62 64 65 89 
101 3 46 47 63 64 67 89 
21 4 47 48 64 65 67 89 
103 21 47 48 49 67 68 7 
21 22 45 48 5 66 68 7 
100 102 22 44 5 6 60 87 
2 22 44 5 60 62 68 7 
23 25 28 29 42 43 82 83 
105 107 126 26 41 70 84 85 
105 126 127 26 27 38 71 84 
106 127 27 38 39 40 69 71 
106 107 39 40 41 69 70 85 
106 108 109 127 128 40 71 86 
110 23 25 28 29 32 72 78 
110 23 25 26 30 70 72 75 
106 111 112 114 27 69 71 76 
106 108 109 114 115 71 76 77 
115 117 124 33 36 73 74 77 
110 116 120 30 34 72 75 79 
111 116 118 30 33 34 72 73 
112 119 120 122 123 31 75 76 
113 121 123 31 32 35 78 81 
122 123 124 31 76 77 78 81 
116 35 42 43 79 81 82 83 
117 124 125 128 33 36 37 86 
117 124 128 37 43 79 81 83 
116 118 125 33 34 38 82 84 
117 118 119 125 33 37 38 39 
117 119 120 37 39 79 83 85 
120 121 123 126 34 41 84 85 
118 119 122 127 38 39 40 80 
122 123 124 128 40 41 43 81 
11 12 13 4 47 48 52 89 
12 13 4 45 48 51 88 91 
46 47 49 52 53 6 92 93 
50 51 55 56 8 90 95 96 
11 16 54 56 8 9 90 96 
10 11 12 15 16 54 9 97 
12 13 17 51 55 57 91 97 
13 19 52 53 57 59 94 99 
10 15 19 53 54 59 9 94 
10 14 15 50 58 59 94 95 
15 20 55 60 62 65 95 97 
101 102 103 18 19 67 98 99 
15 22 58 59 60 62 68 95 
100 20 3 44 60 63 87 88 
2 20 4 44 60 62 65 88 
101 20 3 45 46 63 66 88 
20 21 4 45 48 65 66 88 
1 100 102 103 49 6 61 87 
104 108 125 23 28 42 82 86 
23 25 26 70 82 83 84 85 
104 125 24 27 37 38 39 69 
104 111 23 26 27 30 72 73 
105 107 113 26 30 31 70 75 
105 111 113 114 26 27 30 71 
105 108 113 114 115 28 32 71 
106 107 109 29 31 76 77 78 
110 116 32 35 72 78 79 81 
115 116 32 33 35 36 72 73 
110 112 117 119 120 74 75 79 
111 113 114 118 121 30 34 80 
111 112 114 118 119 122 76 80 
116 125 33 35 36 42 82 86 
118 121 126 127 34 38 80 84 
121 126 127 35 36 42 80 86 
122 124 127 128 36 40 80 86 
1 11 3 8 87 89 9 90 
14 45 46 5 6 91 92 93 
13 47 48 49 52 53 7 94 
13 14 45 48 5 7 91 94 
1 49 53 6 8 87 9 93 
1 10 2 49 53 7 9 94 
10 12 15 50 51 55 95 97 
11 16 52 56 90 92 98 99 
11 12 13 16 52 57 97 99 
14 17 18 58 91 92 93 98 
18 19 52 53 92 93 98 99 
18 19 53 54 8 9 93 96 
100 20 55 56 60 63 95 96 
15 16 54 61 62 64 65 97 
101 16 56 63 64 67 98 99 
16 21 57 64 65 67 97 99 
17 20 21 55 57 65 66 97 
101 102 17 18 22 58 66 98 
103 19 21 57 59 67 68 99 
17 21 22 57 58 59 66 68 
103 15 19 54 59 61 62 68 
1 100 3 61 63 64 87 89 
101 102 22 45 46 5 6 66 
101 102 103 46 47 49 6 67 
1 103 2 49 61 62 68 7 
