1.624347 1.706853 1.405897 1.703755 1.520799 1.055775 1.024301 1.639458 
1.049615 1.224819 0.915576 0.942580 0.926543 1.009824 1.079624 1.047164 
1.591127 1.562999 1.188255 1.192185 1.144969 1.265117 1.448016 1.393053 
0.931631 1.021205 0.995745 1.221634 1.156307 1.251021 1.090907 1.420533 
1.326685 1.233022 1.276807 1.007138 1.018268 1.014434 1.050047 0.802423 
1.520627 1.750975 1.503033 1.735341 1.041560 1.034842 1.352638 1.374824 
1.457160 1.383682 1.516345 1.363866 0.956166 1.277616 1.145765 0.817313 
1.643650 1.402570 1.481662 1.210551 1.161620 1.228567 1.174277 1.421649 
1.335530 1.377593 1.325861 1.724525 1.024418 1.407368 1.240200 1.402990 
1.165210 1.366890 1.023649 0.838236 1.083390 1.204873 1.241192 1.273024 
1.454897 1.499324 1.464727 1.095372 1.279415 1.159343 1.370370 1.158928 
1.453883 1.524672 0.941529 0.971333 1.089530 1.150934 1.165930 1.468005 
1.521266 1.615586 1.650824 1.274879 1.547428 1.358416 1.319136 1.264354 
1.446853 1.420330 1.656516 1.039747 1.066997 1.286937 1.338245 1.278880 
1.602963 1.693121 1.794713 1.614891 1.427886 1.435645 1.459711 1.524883 
1.598550 1.558874 1.549164 1.589575 1.694937 1.334067 1.476298 1.525305 
1.604580 1.657816 1.727794 1.519442 1.308577 1.295427 1.260230 1.427552 
1.737959 1.559369 1.379587 1.746706 1.172330 1.122031 1.210402 1.327618 
1.648355 1.517706 1.717725 1.494598 1.203904 1.401532 1.556379 1.262363 
1.709037 1.696314 1.469527 1.498051 1.668937 1.636692 1.443738 1.531368 
1.538978 1.690681 1.545968 1.553505 1.232973 1.131478 1.234848 1.361041 
1.694361 1.575660 1.286565 1.296873 1.079845 1.105451 1.028781 1.280356 
1.196022 1.472716 1.207999 1.295704 1.262758 1.198198 1.230219 1.462604 
1.019373 1.011000 1.173302 0.943317 0.876373 0.926254 1.384219 1.077574 
0.871540 1.019273 0.949482 1.061932 1.291496 1.139289 1.350773 1.365099 
1.207905 1.512596 1.323626 1.331662 1.402128 1.360345 1.729287 1.647304 
1.288883 1.114610 1.206163 1.571367 1.360911 1.494902 1.338231 1.835847 
1.077764 1.146919 0.973871 0.899277 1.094694 1.242552 1.167381 1.261863 
1.116224 1.152406 0.932983 0.946520 1.031232 1.066418 1.036294 1.367110 
1.397148 1.501848 1.305865 1.522504 1.767490 1.565251 1.628885 1.445493 
1.307486 1.283449 1.413580 1.415222 1.394313 1.538291 1.381662 1.592717 
1.288364 1.209868 1.125782 1.227565 1.221831 1.164904 1.526476 1.452947 
1.683000 1.417752 1.386148 1.483529 1.434472 1.526927 1.585337 1.697342 
1.723678 1.307161 1.281512 1.185557 1.534130 1.466535 1.308450 1.477567 
1.571174 1.238062 1.184360 1.285770 1.237952 1.200501 1.525821 1.415968 
1.623721 1.560697 1.653341 1.245938 1.273283 1.371862 1.503709 1.509719 
1.024155 1.006614 1.026272 1.504242 1.443247 1.608435 1.299387 1.275139 
1.851181 1.262254 1.314264 1.404537 1.454604 1.554086 1.529619 1.598599 
1.364832 1.234997 1.421706 1.212898 1.428435 1.118609 1.300724 1.608904 
1.735064 1.271798 1.567158 1.038027 1.371180 1.360306 1.171359 1.339121 
1.359883 1.145361 1.318730 1.111342 0.994735 1.334528 0.957919 1.192048 
1.735264 1.359883 1.112796 1.273657 0.972076 1.042985 0.942715 1.479605 
1.130793 1.172954 1.098901 0.861073 1.251717 1.482437 1.287245 0.942180 
1.162667 1.014455 0.958373 0.799056 1.087228 0.854474 1.343202 1.082399 
1.580719 1.483175 1.577433 1.343626 1.172836 1.430458 1.510106 1.458948 
1.624882 1.659411 1.421672 1.131888 1.098038 1.158719 1.127812 1.174465 
1.589994 1.519609 1.253575 1.081010 1.052617 1.144146 1.381161 1.374722 
1.176296 1.470270 1.057358 0.907093 0.986711 1.266776 1.333663 1.033693 
1.256554 1.656055 1.622268 1.595750 1.246589 1.110835 1.308569 1.315307 
1.478558 1.044354 0.978831 0.863412 0.954765 1.074840 1.048462 0.857807 
1.408114 1.107486 1.090337 1.089279 1.257081 1.112848 1.259791 1.310973 
1.570056 1.403097 1.516967 1.752473 1.173473 1.319000 1.277632 1.299315 
1.687363 1.629044 1.708037 1.721158 1.591627 1.451476 1.274421 1.255114 
1.449630 1.266063 1.352511 1.135924 1.173705 1.276821 1.450686 1.232498 
1.748045 1.493799 1.330125 1.142752 1.115895 1.382058 1.252519 1.334888 
1.464876 1.554604 1.395058 1.257829 1.195389 1.289844 1.339120 1.332538 
1.717793 1.553499 1.457831 1.625830 1.376311 1.170473 1.160768 1.170313 
1.161230 1.294082 1.317453 1.142580 1.097703 1.086665 1.205543 1.163249 
1.588447 1.622705 1.485419 1.318671 1.191462 1.372073 1.342001 1.294422 
1.553958 1.160926 1.014062 1.124003 1.433291 1.068280 1.327656 1.419059 
1.475086 1.605750 1.428263 1.439958 1.164315 1.245065 1.131260 1.291580 
1.473111 1.515545 1.183413 1.233109 1.211338 1.438267 1.304710 1.137108 
1.405105 1.484049 1.409823 1.279019 1.306558 1.241126 1.483116 1.069770 
1.335044 1.388745 1.509012 1.495206 1.209403 1.183991 1.187377 1.046437 
1.579617 1.408149 1.611933 1.129630 1.018195 1.456334 1.342521 1.047431 
1.245901 1.436694 1.130728 1.506462 1.177827 1.081761 1.352643 1.250123 
1.618168 1.524374 1.494450 1.530329 1.264921 1.075585 1.096630 1.655370 
1.461956 1.382670 1.727290 1.372234 0.959968 0.812743 1.005182 1.193638 
1.041719 0.944674 1.280955 0.992116 1.466301 1.194394 1.216653 1.257182 
1.013267 1.198329 1.096474 1.315889 1.331584 1.169900 1.197013 1.645360 
1.320541 1.691934 1.439433 1.407351 1.579814 1.289936 1.758612 1.665526 
1.170327 1.410146 1.484195 1.490935 1.127961 1.532817 1.467030 1.541454 
1.155576 1.210807 1.245966 1.271003 1.140966 1.129475 1.602554 1.669748 
0.970757 0.990171 0.970666 1.206935 1.251947 1.421652 1.068905 1.376171 
1.213675 1.226024 1.330900 1.390093 1.283113 1.174430 1.331431 1.677797 
1.263440 1.430902 1.484284 1.457965 1.378782 1.369838 1.658172 1.652593 
1.094673 1.181420 1.422226 1.245417 1.345340 1.357009 1.260444 1.759224 
1.138881 1.139258 1.214589 0.932665 1.291620 1.349356 1.226788 1.477696 
1.220456 1.162293 1.393928 1.376425 1.431081 1.414782 1.491604 1.596191 
1.677744 1.529948 1.506291 1.156876 1.159531 1.615101 1.684025 1.603381 
1.343032 1.192752 1.322666 1.375279 1.080887 1.366902 1.380474 1.525783 
1.621276 1.246999 1.182911 1.420978 1.153102 1.420262 1.212112 1.249576 
0.908035 1.285880 0.989824 1.238400 1.322778 1.090503 1.261501 1.185382 
1.629255 1.123827 1.207689 1.396660 1.206151 1.075307 1.342041 1.337952 
1.247208 1.280622 1.225900 1.387303 1.074309 0.998383 1.281261 1.409865 
1.299976 1.539056 1.465618 1.716909 1.296860 1.179161 1.368702 1.300574 
1.430316 1.206914 1.540244 0.974347 0.938030 1.218767 1.130800 1.131901 
1.073525 1.105771 1.157578 1.102457 1.218468 1.114219 1.249449 1.293199 
1.184875 1.265478 0.934764 1.046378 0.770732 1.066506 1.037256 0.914918 
1.218790 1.342104 1.075912 0.951565 1.004017 1.282417 1.126546 1.425330 
1.511595 1.336207 1.245822 1.229727 1.187003 1.006636 1.379820 1.039431 
1.706317 1.502817 1.617377 1.638976 1.094899 1.292633 1.112110 1.258696 
1.472274 1.340196 1.427457 1.616466 1.384928 0.929516 0.896438 1.259479 
1.360020 1.104195 1.334252 0.940262 1.185986 1.210984 1.499461 0.935334 
1.708979 1.590157 1.303251 1.283863 1.304679 1.339763 1.363404 1.317401 
1.221652 1.516777 1.064985 1.154281 0.982868 1.103075 1.110576 1.436667 
1.576202 1.505262 1.461349 1.564460 1.847462 1.378501 1.530600 1.413156 
1.673051 1.430726 1.553666 1.649338 1.462884 1.075961 1.127159 1.492101 
1.654778 1.684486 1.701206 1.610565 1.619187 1.717200 1.338361 1.565911 
1.444328 1.684274 1.200683 1.155819 1.214321 1.259695 1.406635 1.260408 
1.566525 1.683299 1.784692 1.492036 1.317692 1.353641 1.550989 1.423526 
1.419375 1.343184 1.525892 0.946040 1.204688 1.021161 1.334264 1.217661 
1.496736 1.371807 1.642469 1.654488 1.277825 1.233301 1.362081 1.511123 
1.029781 1.020694 1.080029 1.148926 1.174349 1.180107 0.883383 1.108856 
1.028889 1.145694 1.363352 0.914317 1.097267 1.463171 1.752663 1.408047 
1.273942 1.666011 1.107688 1.171368 1.469622 1.584551 1.207189 1.526465 
1.228491 1.082934 1.093167 1.215749 0.867680 1.053511 1.327776 1.069310 
1.174623 1.397804 1.351289 1.284315 1.068114 1.113649 1.038073 1.326215 
1.005358 0.870316 0.780102 1.368180 1.445737 1.167740 1.028952 1.317091 
1.024100 1.086230 1.151754 1.258485 1.223448 1.553205 1.563422 1.498144 
1.181855 1.275359 1.214796 1.347845 1.476075 1.680093 1.751740 1.582296 
1.184336 1.160491 1.264437 1.248727 1.317302 1.537371 1.477664 1.616563 
1.162994 1.240968 1.301045 0.898281 1.193569 1.660364 1.360218 1.374560 
1.260390 1.333336 1.538484 1.512598 1.815695 1.683305 1.631661 1.628127 
1.119168 1.210635 1.337922 1.306494 1.157322 1.292172 1.395180 1.336139 
1.533185 1.189600 1.316744 1.438783 1.273689 1.232001 1.481183 1.678335 
1.294401 1.302737 1.247700 1.428479 1.307455 1.394893 1.386617 1.485277 
1.573837 1.252208 1.276484 1.307815 1.366261 1.460792 1.701597 1.511654 
1.375720 1.246968 1.482526 1.558798 1.215102 1.422069 1.602887 1.617393 
1.372038 1.199269 1.336839 1.154408 1.300865 1.362451 1.067726 1.818973 
1.571553 1.351906 1.309350 1.289118 1.203603 1.029088 1.141195 1.395977 
1.537818 1.407783 1.248887 1.477849 1.408418 1.354677 1.386529 1.668913 
1.279224 1.269408 1.236460 1.242593 1.222290 1.430124 0.995410 1.273877 
1.436202 1.357653 1.279936 1.322550 1.327912 1.534519 1.335712 1.671795 
1.149889 1.680290 1.134155 1.218302 1.172029 1.373950 1.425089 1.401168 
1.737567 1.340336 0.967123 1.184133 1.455856 0.919406 1.135864 1.256038 
1.529367 1.607500 1.662861 1.270840 1.504481 1.389020 1.336748 1.388385 
1.139173 1.673754 0.932783 1.061729 1.334470 0.951579 1.263103 1.090342 
