126 128 22 24 39 40 64 67 
127 128 24 40 66 67 71 83 
123 39 64 65 68 69 82 84 
111 112 114 125 41 70 85 86 
112 115 116 26 27 64 67 68 
111 25 65 66 69 72 73 74 
112 113 116 27 28 68 70 76 
113 116 21 28 29 68 69 73 
111 114 21 29 69 73 74 75 
113 21 22 23 28 29 30 77 
117 119 122 25 26 31 32 81 
115 116 118 33 34 72 73 78 
116 120 28 29 33 34 36 73 
27 35 37 74 75 76 79 80 
117 122 29 30 36 37 38 75 
118 119 122 127 38 43 82 83 
123 32 33 35 39 40 41 78 
120 123 124 33 35 41 80 86 
125 35 37 41 79 80 85 86 
122 125 127 128 37 80 81 86 
10 47 48 54 8 9 90 92 
1 10 44 49 53 91 92 94 
10 44 48 49 54 87 92 95 
1 2 50 53 55 91 93 94 
100 11 50 56 57 6 95 96 
100 11 5 50 94 96 97 99 
100 101 14 5 52 7 96 99 
10 101 102 13 53 59 7 8 
10 102 13 15 54 58 8 9 
10 102 15 49 54 56 95 98 
103 11 50 53 55 59 94 97 
100 105 107 11 17 60 97 99 
101 12 13 17 18 61 62 99 
106 108 12 13 57 58 61 62 
100 101 107 14 17 18 19 99 
102 108 110 13 15 58 62 63 
103 108 110 14 15 19 20 58 
102 104 110 15 16 56 63 98 
1 104 17 3 44 45 60 61 
1 105 107 17 2 45 60 89 
107 17 18 19 4 45 46 89 
108 110 47 48 62 63 90 92 
104 110 16 44 48 63 87 92 
126 22 23 39 43 64 65 82 
112 123 39 40 41 64 67 68 
112 113 123 124 41 68 70 86 
113 123 124 21 42 68 69 84 
114 125 127 21 23 42 43 71 
115 22 23 30 64 65 72 77 
117 24 25 26 31 66 67 71 
115 116 64 65 68 69 72 73 
111 112 114 27 70 74 75 76 
113 22 24 28 31 70 76 77 
114 117 21 23 29 30 71 75 
114 117 24 31 70 71 75 76 
117 118 119 122 25 30 38 72 
118 119 25 34 72 73 74 79 
29 34 36 37 73 74 75 79 
120 121 28 31 76 77 80 81 
121 126 128 32 39 40 78 81 
118 123 33 34 39 78 82 84 
120 123 124 33 34 36 42 84 
120 121 124 126 36 38 42 43 
1 3 44 45 49 5 51 94 
3 44 49 51 6 87 88 95 
2 50 6 87 88 89 95 96 
1 2 45 5 50 89 94 96 
3 45 46 47 5 51 7 8 
3 47 51 6 8 88 9 90 
4 46 52 53 55 7 91 93 
2 48 50 54 55 87 93 95 
12 49 51 56 57 6 95 98 
12 13 51 57 58 6 8 9 
100 14 52 57 58 6 9 96 
103 14 15 52 54 55 58 9 
101 103 14 52 53 55 59 7 
10 102 49 53 59 94 97 98 
104 12 17 60 61 97 98 99 
100 106 107 108 14 19 57 58 
101 103 109 14 18 19 20 59 
103 105 109 11 20 59 60 97 
104 106 16 3 44 61 87 88 
105 106 107 16 2 87 88 89 
106 108 3 47 61 62 88 90 
106 107 108 19 4 88 89 90 
109 18 19 20 4 46 91 93 
127 23 43 65 66 71 82 83 
111 65 66 69 82 83 84 85 
111 112 40 41 66 67 83 85 
111 114 125 21 42 69 84 85 
113 124 126 128 22 24 70 86 
113 124 126 21 22 23 42 43 
114 125 127 128 24 70 71 86 
115 22 24 26 31 64 67 77 
117 23 25 30 65 66 71 72 
111 112 25 26 27 66 67 74 
115 121 26 31 32 77 78 81 
115 118 121 30 38 72 77 78 
115 116 26 27 32 33 35 78 
119 25 26 27 32 35 74 79 
116 120 27 28 33 35 76 80 
120 121 28 29 30 36 38 77 
117 122 31 37 75 76 80 81 
118 121 126 38 39 43 78 82 
119 122 127 128 32 40 81 83 
118 119 34 79 82 83 84 85 
119 32 35 40 41 79 83 85 
125 34 36 37 42 79 84 85 
120 121 124 126 128 80 81 86 
122 125 127 36 37 38 42 43 
4 52 6 88 89 9 90 96 
4 45 46 5 52 7 89 96 
10 46 47 53 7 8 91 92 
4 48 52 54 55 9 90 93 
12 49 5 51 94 97 98 99 
101 12 13 5 51 7 8 99 
103 11 15 50 54 55 56 95 
104 106 12 16 56 57 61 98 
100 105 106 107 11 16 56 57 
101 102 109 13 18 59 62 63 
102 104 109 59 60 63 97 98 
103 105 11 110 15 16 20 56 
17 18 3 45 46 47 61 62 
109 18 46 47 62 63 91 92 
108 110 19 20 4 48 90 93 
1 104 109 44 60 63 91 92 
105 110 16 2 20 48 87 93 
1 105 109 2 20 60 91 93 
