1.356723 0.925344 0.970560 1.206004 1.099989 0.892731 1.472111 1.345191 
0.794318 0.890324 0.761451 0.920924 1.026174 1.263344 1.453051 1.042512 
1.391689 0.932788 1.351170 1.182063 1.330245 1.022600 1.221326 1.304682 
0.900567 1.078026 1.389767 0.949206 0.884886 1.355952 1.172420 1.143900 
1.083565 0.956507 0.880342 0.990183 0.938119 1.259486 1.270722 1.400480 
0.623644 0.789720 1.153732 1.053107 1.143931 1.330480 0.958234 1.289691 
1.009142 0.997619 1.106396 0.888888 0.957073 1.606278 1.446630 1.473024 
1.210009 0.723348 1.130652 1.236912 1.029337 1.419580 1.106185 1.501970 
0.679439 1.424953 1.317958 0.594350 1.445995 1.379115 1.287685 1.496280 
1.392461 1.299035 0.936475 1.383926 0.944878 1.065466 1.050608 1.484220 
1.523965 1.373759 1.036262 1.242330 0.955842 1.130735 0.861994 1.309072 
0.833999 0.949492 0.949397 1.156125 1.261062 1.341964 1.262067 1.428226 
1.046038 1.394106 1.136617 0.800773 1.115534 1.182792 1.110246 1.409689 
0.616868 0.448067 0.343128 1.252940 1.296491 1.403997 1.344517 1.078079 
1.459733 1.221006 0.761404 1.227892 1.456581 0.667633 1.249995 1.566833 
1.127050 1.072327 1.194695 1.072834 1.139769 1.168552 1.191721 0.943502 
1.700081 0.886566 1.153259 0.807682 1.029389 1.051696 1.133234 1.502908 
1.317837 1.781598 1.262746 1.165233 0.735637 1.026243 1.063199 1.103685 
0.777831 0.316182 0.385574 0.968957 1.278528 1.220466 0.936709 1.065932 
0.833815 0.901044 0.924168 0.738020 0.623083 0.961375 1.133771 0.993087 
0.790442 1.442312 1.174078 1.340820 0.982974 1.214297 0.904035 0.586991 
0.748359 0.584169 1.538099 1.458772 1.424148 1.238162 0.513990 0.756974 
0.803494 1.470452 1.096642 1.419190 1.348045 1.282799 0.670257 1.033463 
1.058431 1.207222 1.341690 1.401967 1.306234 1.153944 0.970363 1.122466 
1.071208 0.769803 1.477124 1.125019 1.278720 1.358393 1.106928 1.132779 
1.322971 0.753241 1.119044 1.427436 0.928878 1.156443 1.375415 1.084091 
1.200330 1.183897 1.255247 1.134180 1.400085 0.982169 1.187976 1.308728 
0.725335 1.021134 0.816069 0.928342 1.310698 1.309803 0.924668 1.378253 
0.972202 1.204348 0.718849 0.600602 1.468787 1.634352 1.297938 0.906060 
0.701623 1.079374 0.811347 1.451886 1.381662 1.178613 1.106822 0.946743 
1.162562 0.604192 1.678440 1.177195 1.322830 1.334217 1.108724 1.092835 
1.303136 1.029256 1.630205 0.789300 0.768972 1.377823 1.168953 1.230757 
1.178508 0.926038 0.670567 0.610579 0.897875 1.572399 1.004884 1.053393 
1.369311 0.988456 1.013549 0.720400 1.294186 1.455940 1.499165 1.157195 
1.160937 1.367955 1.634453 1.371227 0.912160 1.115438 1.365558 1.322625 
0.949434 1.160598 0.673974 0.512886 0.780341 1.569456 1.033582 0.966455 
1.568631 1.316936 0.819145 1.158580 0.683207 1.327210 1.382987 1.517189 
0.792240 0.833924 0.693597 0.711160 1.006706 1.184080 1.000633 1.099033 
0.714351 0.556681 0.427236 1.113882 1.442674 1.444329 1.509501 1.611942 
0.775941 1.126684 1.526564 0.718396 1.397512 1.584956 1.517998 1.328388 
1.471978 0.738719 0.907051 1.519340 0.879652 1.283576 1.455941 1.518339 
1.176243 0.547387 1.408468 1.345770 0.921939 1.177669 1.121994 0.354597 
0.819797 0.586049 0.896997 1.309322 1.192847 1.049732 1.493834 0.380374 
1.459336 0.808265 0.933121 0.840922 0.829619 1.211906 1.135550 1.133138 
0.825140 1.374910 0.965228 0.880210 0.664953 1.350945 1.250302 1.163587 
0.987210 0.731994 1.223181 1.236002 0.835096 1.254463 1.443259 0.981110 
0.882136 1.207823 1.365597 1.106274 1.136293 1.328647 1.203951 1.275534 
1.210893 0.732972 0.798741 0.988684 0.930859 1.394597 1.158792 1.345809 
0.301107 0.860318 1.007335 0.866160 1.309769 1.026031 1.350828 1.563190 
1.081709 0.552099 0.989261 0.627073 1.218474 0.962461 1.292220 1.428614 
0.569987 0.691936 1.271802 1.039896 1.397424 1.125446 1.399829 1.253465 
0.658121 1.291459 1.088216 0.466285 1.315701 1.353091 1.142710 1.260178 
1.106089 0.959292 0.756778 0.564638 0.639748 1.252256 1.260000 1.473909 
0.870393 1.116337 1.141703 1.167229 0.843583 1.050416 1.426161 1.412900 
1.048176 0.999020 0.797782 1.037667 1.309832 1.629023 1.343045 1.284288 
1.558748 0.910328 1.124140 1.078612 0.824800 0.822999 1.038026 1.337276 
0.974113 0.954352 0.793512 0.794200 1.577830 1.133014 1.203979 1.040785 
0.659443 0.820476 1.141405 0.366011 1.317573 1.022846 1.587360 1.117286 
1.025823 0.800364 0.425566 0.647186 1.353639 1.348069 0.759247 1.056411 
0.730228 1.202363 0.729392 0.515372 1.195976 0.922163 1.372723 1.127371 
0.835562 1.351437 0.866479 0.808276 0.986807 1.346623 1.039663 1.118235 
1.403778 1.388152 1.317927 0.967011 1.130529 1.140215 1.089491 1.278894 
1.034055 0.979626 1.291574 1.270230 1.046213 1.029887 1.293173 1.178061 
0.667881 0.995422 1.401208 1.407755 1.330341 0.552335 1.574258 1.230978 
1.093413 1.545315 1.267078 1.562824 1.388030 1.480033 2.149465 1.181860 
1.040524 1.356697 1.511737 1.391290 2.107189 1.462209 1.008816 1.045447 
0.659145 1.152418 1.441310 0.764649 1.497570 1.297091 1.123289 0.946584 
0.863715 1.129816 1.158845 1.227367 0.642839 1.609301 0.852413 0.732629 
0.982442 1.473257 1.707911 1.422407 0.696184 2.057815 1.302576 1.165253 
0.701090 1.398216 1.373243 1.209455 1.086215 0.603176 0.970971 1.023142 
0.942653 0.877445 1.208765 0.973252 1.154588 1.441320 0.840599 0.873319 
0.459079 1.232062 1.562945 1.016718 1.440726 1.132800 0.977892 1.119695 
0.663919 0.709874 1.705027 1.284260 1.598440 1.064852 1.099135 0.977863 
0.799188 1.020537 1.494435 1.249923 1.198445 1.419656 0.724230 1.168210 
1.091922 0.905538 0.489399 1.162514 1.173183 1.081732 1.641420 0.817926 
0.938363 0.878432 1.281511 1.438093 1.337579 1.181085 1.575529 0.738441 
0.382104 0.599952 1.442672 1.329989 1.348460 0.782093 0.730899 0.973721 
0.497875 0.761519 0.417626 1.289642 1.509966 1.036440 1.015433 0.947425 
0.776963 1.412302 1.211916 1.011425 1.273847 1.375110 1.170553 1.376788 
0.895151 1.045746 0.936240 1.428680 0.909541 1.633700 1.180309 1.361885 
1.177630 0.967030 0.743195 0.441597 0.999817 1.242654 1.146312 1.085608 
0.852855 1.362446 0.804405 1.015996 1.446922 1.384762 1.358430 1.954366 
0.986184 1.405453 1.369997 0.865342 1.324258 1.538229 2.094329 1.393710 
1.323020 1.279440 1.121451 1.359643 1.433655 0.969902 2.099959 0.973720 
1.378484 1.213653 1.103743 1.325854 1.101436 2.051050 1.416122 1.139847 
1.115482 0.748797 1.396647 1.145717 0.896350 1.322920 0.822607 1.114081 
0.752510 0.892733 1.117659 1.262104 1.036475 1.640856 1.204781 1.066461 
0.545477 1.172945 0.980728 0.969070 1.071512 0.879345 1.229969 0.799650 
0.675337 1.082673 0.710934 0.920449 1.108043 1.172710 1.011733 0.993684 
0.777634 1.716301 0.935255 0.901554 1.281114 1.284380 1.291208 1.041502 
0.906301 1.323672 1.516443 0.894869 1.124764 0.977312 1.509029 0.926276 
1.463079 1.572895 1.521919 1.433846 1.189952 1.566255 1.393611 1.369692 
1.266991 1.033872 0.957856 0.904457 0.824462 1.526190 1.646588 1.130955 
0.764553 0.801194 1.040689 0.758455 1.244629 1.727415 1.533032 1.521678 
1.517655 1.111605 1.055685 0.967960 1.392328 1.141204 1.685477 1.644282 
0.694670 1.335148 1.086677 0.814190 0.789053 1.145921 1.272878 1.446989 
0.873018 0.626873 0.917141 1.016870 0.652141 1.185964 1.320983 1.394229 
0.601396 1.146644 1.222981 0.809935 0.996421 1.637879 1.392632 1.327297 
0.867328 0.914938 0.803779 0.956248 0.804695 1.069358 0.671093 1.413269 
1.070938 1.066857 1.010906 0.840053 0.874939 0.522779 1.288096 1.170122 
1.072769 1.173923 0.781673 0.763855 1.123877 0.679389 1.327837 0.908982 
1.291502 0.952401 0.940860 1.147266 1.295658 1.440596 1.148181 1.510946 
1.431433 1.119454 0.943732 0.752670 1.410859 1.161293 0.881022 1.325935 
1.179219 1.156378 1.408801 1.111346 0.957238 1.284394 1.319564 1.442173 
1.248549 1.026949 1.087319 0.709575 0.724971 1.038123 1.413757 1.017969 
1.008544 0.918919 0.904992 1.199423 1.251767 0.950647 1.268789 1.001998 
0.917812 0.800423 0.600457 0.921462 0.940576 1.108193 0.955029 0.935902 
1.118249 0.923447 1.191736 0.660676 1.295355 1.261310 1.445999 1.021778 
1.259811 0.977991 1.506643 1.430459 0.674256 1.094599 1.376072 1.240838 
1.328992 1.074161 1.149099 1.378032 0.822164 1.269468 1.361176 1.316005 
1.164676 1.540638 1.581943 2.260068 1.506839 1.039029 1.264465 1.141913 
0.919393 1.395271 1.506653 0.915839 1.707631 0.746407 1.495869 1.364085 
0.895203 1.217078 1.343447 1.462285 0.735364 1.095112 0.893321 0.643481 
0.879271 1.113458 1.411440 1.025763 1.156844 1.027495 1.457348 0.897240 
1.035368 1.372058 1.215255 1.885781 1.078778 1.413034 1.112371 1.269345 
1.366185 0.976372 0.853529 0.990471 1.735692 1.089809 0.928242 1.155067 
1.269451 0.605855 0.559466 1.267421 1.124533 1.025919 1.275875 1.157485 
0.949346 1.561549 0.797103 1.039950 1.220844 1.438389 1.551652 1.284077 
1.079738 1.162252 1.456018 1.320070 0.883781 0.991051 1.352867 1.423040 
1.032125 0.757614 0.944444 0.753633 0.871991 1.372047 1.203709 0.929301 
0.678114 0.962545 0.922225 1.425068 1.215558 1.030850 0.829388 1.396454 
1.399459 0.930280 0.585666 0.774681 0.712072 1.089157 1.086581 1.275532 
0.547959 0.890834 1.066231 1.322232 1.179690 1.204550 1.487797 0.894366 
1.010351 0.657237 1.325677 1.441949 1.038319 0.964697 0.978601 0.421207 
1.419469 0.685539 1.360689 1.298787 0.994840 1.045228 1.215314 1.202515 
0.640424 0.722567 0.882292 1.581487 1.141352 0.896526 1.119499 0.318357 
1.103398 0.707543 1.079197 1.206211 1.254571 1.132857 1.432897 1.073559 
1.000904 1.010703 0.953970 1.528747 1.359264 1.453099 1.325805 1.305209 
