124 26 42 62 63 67 84 85 
26 27 38 41 42 43 65 66 
24 25 39 40 67 68 85 86 
25 27 40 41 43 66 68 86 
115 117 23 26 27 62 69 74 
22 33 63 67 68 70 71 75 
115 117 22 23 27 33 68 71 
112 114 115 23 28 62 69 72 
113 114 115 22 23 30 71 72 
112 114 116 28 65 66 72 73 
118 35 69 70 74 75 76 81 
120 122 123 28 29 31 34 73 
116 121 30 32 72 78 79 80 
116 117 122 73 74 80 81 83 
123 31 32 33 35 75 79 82 
124 125 35 76 77 82 85 86 
120 121 124 125 128 36 76 77 
120 122 123 127 128 34 38 39 
120 121 123 128 36 39 40 79 
122 38 41 42 43 80 81 83 
40 41 43 79 80 82 83 86 
44 46 50 6 7 88 9 90 
45 46 5 7 8 87 88 9 
3 47 48 51 92 95 98 99 
3 4 52 92 93 95 96 99 
1 2 48 49 5 87 97 98 
2 4 5 52 7 87 88 97 
10 101 12 51 55 57 8 94 
101 102 103 12 50 51 94 95 
102 103 13 50 56 9 95 96 
103 104 12 15 51 95 98 99 
103 105 13 15 52 95 96 99 
105 15 52 53 54 6 7 99 
101 109 110 12 18 55 57 58 
104 107 11 111 15 16 53 61 
17 19 46 59 60 90 92 93 
109 110 45 46 59 60 91 93 
110 18 2 20 47 48 61 91 
111 18 19 3 47 48 61 92 
111 19 21 3 4 60 92 93 
110 2 20 21 4 60 91 93 
1 106 107 2 20 48 61 87 
106 108 2 20 21 4 87 88 
124 125 22 63 67 68 85 86 
112 114 126 127 23 37 62 84 
113 114 125 126 22 23 36 37 
112 127 128 24 38 39 64 65 
24 26 38 39 42 65 67 85 
26 62 63 67 69 70 74 75 
113 22 29 30 63 64 70 71 
112 24 28 29 31 64 65 73 
116 117 25 27 32 33 66 68 
33 35 70 71 75 76 77 82 
115 117 119 33 71 77 82 83 
115 118 119 28 34 69 72 78 
115 119 121 30 71 72 77 78 
116 122 28 34 72 73 78 80 
118 120 124 127 128 34 76 84 
119 121 125 126 36 37 77 78 
121 36 37 40 41 78 79 80 
122 123 35 38 39 42 81 85 
1 45 49 5 8 87 89 94 
1 44 49 50 6 89 90 94 
47 50 51 89 90 92 94 95 
10 2 47 48 51 91 97 98 
10 2 4 52 91 93 96 97 
1 3 44 48 49 6 98 99 
3 4 44 52 6 7 88 99 
100 101 11 49 5 55 8 94 
101 102 11 49 50 53 6 94 
102 50 53 54 56 6 7 9 
10 13 55 56 57 8 9 96 
10 104 12 14 51 57 97 98 
100 104 11 14 49 5 97 98 
104 11 15 49 53 6 98 99 
101 102 107 11 16 17 53 58 
102 108 16 17 53 54 56 59 
109 110 13 55 56 57 59 60 
103 105 111 13 15 19 21 60 
105 110 13 14 20 21 57 60 
100 104 106 107 11 14 20 61 
105 108 111 15 16 21 53 54 
100 105 106 108 14 20 21 54 
1 106 107 109 45 58 87 89 
1 107 111 16 3 44 48 61 
108 111 16 21 3 4 44 88 
126 23 26 27 42 43 62 84 
125 126 22 23 27 43 68 86 
112 124 127 128 62 63 64 84 
113 124 125 128 22 36 63 64 
112 114 127 37 38 41 65 66 
113 128 24 25 36 39 40 64 
113 114 25 36 37 40 41 66 
112 28 29 62 63 64 69 70 
113 24 25 29 30 31 32 64 
113 114 116 25 30 32 66 72 
116 117 26 27 65 66 73 74 
24 26 31 65 67 73 74 75 
24 25 31 32 33 67 68 75 
115 117 118 119 69 74 81 83 
118 120 28 29 34 69 70 76 
120 121 29 30 70 71 76 77 
120 121 123 29 30 31 32 79 
122 123 31 35 73 74 75 81 
116 117 32 33 79 80 82 83 
118 119 126 42 43 81 83 84 
118 124 35 42 76 81 84 85 
119 125 126 43 77 82 83 86 
118 119 126 127 34 37 78 84 
122 127 34 37 38 41 78 80 
123 35 39 40 79 82 85 86 
10 45 47 51 8 89 91 94 
46 50 9 90 92 93 95 96 
10 45 46 8 9 91 93 96 
100 5 54 55 56 7 8 9 
10 105 13 14 52 57 96 97 
100 105 14 5 52 54 7 97 
100 101 106 107 109 11 55 58 
100 106 108 109 54 55 56 59 
101 102 103 12 17 18 19 58 
102 103 13 17 19 56 59 60 
104 110 12 14 18 20 57 61 
103 104 111 12 15 18 19 61 
1 107 16 17 44 58 89 90 
108 16 17 44 46 59 88 90 
106 108 109 45 46 59 87 88 
109 110 18 45 47 58 89 91 
17 18 19 47 58 89 90 92 
