1.545091 1.308493 1.330072 1.688971 1.504362 1.647858 1.651978 1.586228 
1.152591 1.278197 1.336932 1.544892 1.608284 1.637300 1.583045 1.675903 
1.668662 1.659211 1.325296 1.422231 1.478214 1.760319 1.507165 1.570727 
1.346833 1.131711 1.411880 1.480827 1.418367 1.861886 1.604492 1.604473 
1.704782 1.636241 1.378248 1.047546 1.266391 1.905769 1.378418 1.437770 
1.194807 1.174486 1.786111 1.365153 1.807331 1.486259 1.779277 1.675764 
1.518161 1.890360 1.395817 1.418331 1.070530 0.913189 1.742477 1.624223 
1.719322 1.863249 1.737435 1.091255 0.932123 1.545077 1.477479 1.470107 
2.272142 1.828804 1.830839 1.267668 1.343300 1.126906 1.733234 1.429415 
2.115524 1.693008 1.581593 1.234764 1.518244 1.525640 1.554400 1.613586 
1.802981 0.895006 1.364131 1.528007 1.384128 1.677828 1.583562 1.545529 
1.741668 1.625434 1.645247 1.202374 1.579401 1.305719 1.347756 1.512074 
1.709823 1.875045 1.333845 1.466859 1.415786 1.678270 1.421341 1.340143 
1.553468 1.551996 1.812428 1.341506 1.401341 1.458723 1.688905 1.695817 
1.825449 1.475257 1.623882 1.096589 0.958205 1.835561 1.376744 1.665732 
1.712529 1.837123 1.000808 1.676847 1.514582 1.509663 1.444408 1.308201 
1.530488 1.835069 1.569957 1.846971 1.774623 1.212762 1.562253 1.399828 
1.886167 1.868509 2.056091 2.140405 1.840190 1.220586 1.125445 1.371725 
1.662786 1.844296 1.834093 2.123619 1.431463 1.303992 1.238844 1.386061 
1.512796 1.271782 1.415245 1.391663 1.363346 1.414568 1.534663 1.564155 
1.329839 1.695346 1.375547 1.440366 1.484432 1.290592 1.668205 1.563734 
1.613743 1.499331 1.520640 1.110021 1.452762 1.703862 1.274586 1.553472 
1.418645 1.346385 1.342943 1.386100 1.347777 1.423781 1.609410 1.261042 
0.949557 1.471832 1.265176 1.269694 1.642102 1.206567 1.387026 1.578650 
1.103173 0.903094 1.443983 1.577673 1.479777 1.221144 1.642242 1.639515 
1.229746 0.794864 1.514429 1.635082 1.074774 2.068022 2.181901 1.167848 
0.919880 0.938002 1.293031 1.341218 1.100224 1.874880 1.940598 2.015204 
1.224572 1.974290 1.109807 1.469198 1.706550 1.969930 1.206840 1.616197 
1.879607 1.653996 1.947359 1.220249 1.423814 1.565336 1.661175 1.330144 
1.621921 1.865270 1.101816 1.598126 1.875549 0.951011 1.217762 1.974269 
2.057681 1.932139 0.974078 0.893238 1.570300 1.376541 1.264136 1.587543 
1.939484 2.017535 1.024388 0.958731 1.167809 1.288741 1.880701 1.815434 
2.101213 0.947317 1.376288 1.685917 1.655223 1.212398 1.092816 1.820849 
1.953479 1.649860 1.538675 1.303453 1.217774 1.627018 1.940912 1.715197 
2.243826 2.119401 1.276783 2.174171 0.918532 1.376582 1.929425 1.354938 
1.376361 1.235146 1.352395 1.765331 1.615838 1.631629 1.432227 1.533730 
1.701963 1.607691 1.421685 1.540057 1.741778 1.656924 1.655218 1.684178 
1.670764 1.055812 0.916337 1.241695 1.529329 1.501720 1.680883 1.600747 
1.891501 1.227858 1.145514 0.882772 1.580899 1.469918 1.306373 1.681294 
2.073866 1.063043 1.035106 0.962277 1.064152 1.575842 1.756911 1.567659 
1.618557 0.975978 1.237225 1.343886 1.076523 1.360152 1.653484 1.483152 
1.117806 1.739165 1.664047 1.117035 1.291309 1.587044 1.412205 1.711663 
1.726844 1.661636 1.280296 1.397300 1.236066 1.226042 1.513898 1.529552 
1.647572 1.685352 0.963852 1.739760 1.724343 1.614824 1.635055 1.470445 
1.725718 1.998490 2.320061 1.937877 1.076272 1.227026 1.690982 1.462428 
2.300945 1.967194 1.759932 2.179995 1.137146 1.038669 1.105617 1.329003 
1.481330 1.999385 1.716656 1.446222 1.218051 1.429361 1.682670 1.767342 
1.254366 1.133482 1.201695 1.228386 1.377506 1.771503 1.480374 1.671322 
0.977059 1.696747 1.642398 1.481572 1.420362 1.580260 1.605658 1.505904 
2.221559 1.047208 1.235268 1.333332 1.540445 1.565007 1.521457 1.678820 
1.639656 1.232374 1.185437 1.492681 1.482963 1.666944 1.578530 1.709424 
1.282559 1.800689 1.444972 1.121674 1.308037 1.051275 1.701311 1.928299 
0.880909 1.033268 1.472578 1.415745 1.864513 1.621975 1.330185 1.617548 
1.332530 1.694339 1.791623 0.981496 1.547279 1.341122 1.420263 1.156226 
1.373871 1.645704 1.627926 1.283037 1.102611 1.405892 1.450070 1.512293 
1.356963 1.732640 1.679138 1.350443 1.478662 1.564509 1.183539 1.464450 
1.697310 1.526768 1.253015 1.152398 1.368705 1.545730 1.570260 1.216756 
1.932863 1.888454 1.635256 2.070624 1.794156 1.096058 1.428492 1.335251 
1.655653 1.767199 1.825862 1.919731 1.432976 1.419175 1.333406 1.497723 
1.719166 1.358948 1.399232 1.340881 1.133069 1.425438 1.610043 1.462612 
1.656851 1.700801 0.794388 1.563731 1.185801 1.242753 1.703310 1.655467 
0.973129 1.482039 1.727589 1.384754 1.264103 1.739879 1.695466 1.340879 
0.839681 1.803060 1.736820 1.446938 1.086793 1.825673 1.665126 1.372614 
1.390566 1.338906 1.421015 1.707557 1.603504 1.293469 1.643237 1.400971 
0.871020 0.616279 1.507257 1.577203 1.364599 1.882947 1.988706 1.380501 
0.895550 0.732099 1.098386 1.312820 1.744550 1.388401 1.576602 1.963104 
1.084398 0.736389 1.884435 1.483399 1.672844 0.776933 1.380669 1.574347 
0.803143 0.846132 1.563707 1.545241 1.075342 1.212832 1.724667 1.546695 
2.169641 1.776649 1.151250 1.754559 1.083315 1.597975 1.514116 1.795059 
1.883795 1.717252 1.164799 1.826987 1.580255 1.719212 0.909763 1.592444 
1.505625 1.621398 1.546154 1.570883 1.651172 1.205847 1.241143 1.256615 
1.250104 0.938936 1.551728 1.850285 1.739643 1.467628 1.070785 1.868088 
1.201313 2.132916 1.040060 1.066069 1.687777 1.858977 1.784616 1.135626 
2.382373 1.975298 1.087479 1.169898 1.872219 1.091327 2.012209 1.358114 
2.126320 1.143052 0.960345 1.531003 1.889506 0.942877 1.099604 1.661620 
1.558139 1.557847 1.978824 1.189507 1.293014 1.350175 1.759057 1.534236 
1.838163 1.876736 1.312121 1.411062 1.653199 1.557358 1.548655 1.534879 
1.886197 1.670212 1.040224 1.502498 1.638761 1.829736 1.508390 1.430507 
2.005360 2.299217 2.138506 1.028111 0.759771 1.063916 0.931218 1.759104 
2.088976 1.522356 0.909040 1.279107 1.223531 1.088368 1.645101 1.636527 
1.948354 2.123217 1.651795 1.974056 1.089457 1.275160 1.030381 1.444249 
2.271693 2.023812 2.231432 1.046375 1.238129 0.772112 1.858924 1.554857 
1.884975 2.098951 1.726049 1.947468 1.446068 1.272377 1.187161 1.296028 
1.107682 1.633302 2.011664 1.650701 1.389981 1.471135 1.564742 2.027334 
1.010110 2.156066 2.119946 1.078667 0.728394 1.761470 1.640674 1.483747 
2.031222 2.084875 0.981539 1.125402 0.941154 1.119625 1.675832 1.453847 
1.937492 0.984019 1.551520 1.408927 1.318911 1.062653 1.733818 1.476509 
1.588830 1.944732 1.131319 1.181542 1.443995 1.030677 1.783383 1.323108 
1.650570 1.630143 1.808099 1.490312 1.497746 1.548289 1.600495 1.684424 
2.334890 1.385619 2.091459 1.751344 0.891122 1.218716 1.582561 1.694578 
1.606380 1.669531 1.961339 1.370917 1.149656 1.361745 1.914068 1.840126 
2.000258 1.712787 1.616806 1.459963 1.269371 1.419257 1.510950 1.556422 
1.991708 1.443598 1.447510 1.376305 1.576291 1.455412 1.369223 1.687820 
1.860707 1.175365 1.360716 1.421643 1.421440 1.786990 1.554774 1.463384 
2.063621 1.511500 1.370365 1.487826 1.316537 1.561999 1.584314 1.937220 
2.160205 1.663988 1.772946 1.149936 1.365089 1.457833 1.462815 1.452016 
1.515961 1.623854 1.184307 1.037560 1.611860 1.612978 1.250248 1.372916 
1.571977 0.972613 1.338551 1.780050 1.593691 1.414204 1.531322 1.547071 
1.427384 1.323771 1.286716 1.573672 1.118206 1.387971 1.539634 1.609932 
1.329693 1.714483 1.818236 1.663284 1.490293 1.718332 1.528091 1.323265 
1.927342 1.584996 1.171730 1.345557 1.116197 1.236533 1.390613 1.235036 
1.603632 1.667211 1.367423 1.190845 1.541338 1.449945 1.506417 1.575240 
1.496724 1.624749 1.780312 1.448880 1.221454 1.536437 1.460695 1.461242 
1.395253 1.764705 1.174285 0.929369 1.497469 1.292653 1.623713 1.628459 
1.590369 1.407673 1.322103 0.900797 1.521939 1.357156 1.552401 1.445446 
1.605153 1.583812 1.888414 1.260955 1.113240 1.596264 1.508549 1.507252 
1.657190 1.585481 0.945383 0.894301 1.579956 1.625950 1.593526 1.669364 
1.595626 1.633482 1.908228 0.903414 1.420456 1.599488 1.541723 1.583799 
1.929086 1.602925 2.001741 2.137388 0.998154 1.277459 1.721876 1.538208 
1.872557 2.167208 0.969486 1.270140 1.239730 1.256947 1.578578 1.296404 
1.704819 0.881873 1.058970 1.224431 1.435228 1.564283 1.531012 1.432894 
1.404235 1.418998 1.186104 1.337498 1.283859 1.708619 1.416819 1.659960 
1.546170 1.486620 1.042754 1.805371 1.291130 1.184440 1.049953 1.759378 
1.084922 1.654914 1.669559 1.450774 1.145059 1.520012 1.103508 1.730341 
1.854212 1.325934 1.435935 1.446058 1.609802 1.178738 1.605803 1.386343 
1.095031 2.074575 1.114889 1.157835 1.058306 1.844357 1.972095 1.924217 
2.046705 1.818406 1.061203 1.082198 1.415612 1.576040 1.281351 1.958635 
2.026309 2.004223 1.460491 1.764579 1.791407 1.143886 1.377287 1.777431 
1.966126 1.533805 1.710241 1.559901 1.667377 1.461065 1.754142 1.522576 
1.824700 1.579821 1.726808 1.163715 1.259932 1.284446 1.123998 1.858429 
1.554411 1.765843 1.087745 1.456683 1.145416 1.631049 1.576708 1.503737 
1.844672 1.863335 1.026530 1.331757 1.331838 0.994917 1.694533 1.382821 
1.872202 2.060239 1.958942 0.958009 0.828984 1.323909 1.119016 1.254298 
0.929958 1.913444 1.302987 1.341290 1.707548 1.714521 1.883751 1.478700 
1.694260 1.207769 1.387901 1.570119 1.477199 1.604195 1.419958 2.004894 
1.505847 1.690284 1.626157 1.681847 1.604300 1.453315 1.490472 1.497128 
1.716869 1.696431 1.036590 1.286184 1.341483 1.591856 1.558303 1.463932 
1.352664 1.082445 1.359741 1.359505 1.625183 1.514925 1.615737 1.397364 
