106 110 111 127 128 68 81 82 
108 109 110 124 125 126 127 27 
111 128 25 26 43 71 85 86 
115 22 27 28 29 69 71 75 
106 110 111 112 113 116 34 68 
106 111 113 29 34 69 71 75 
107 112 22 28 30 68 70 72 
106 107 112 113 23 31 68 72 
106 113 23 24 29 31 69 73 
107 109 114 23 25 31 32 72 
114 23 24 25 26 31 33 73 
108 115 26 27 33 71 74 75 
109 110 111 114 116 25 32 34 
113 121 29 34 35 75 77 80 
112 117 28 30 36 37 72 76 
115 116 118 120 32 39 74 79 
121 128 35 42 77 80 82 86 
117 122 36 37 41 76 81 83 
118 122 124 125 36 37 39 83 
119 123 38 40 43 78 84 85 
119 121 128 40 43 80 85 86 
4 44 45 46 7 87 92 93 
10 11 47 50 8 89 9 90 
11 45 48 89 9 90 93 94 
10 11 13 3 50 90 91 96 
11 12 3 48 51 90 94 96 
12 2 4 44 51 52 87 92 
15 4 53 55 7 92 93 97 
14 4 53 55 56 6 9 93 
15 55 57 58 7 93 94 95 
10 11 56 59 8 9 98 99 
10 13 16 52 58 60 95 99 
100 101 11 12 57 59 94 96 
101 13 14 5 54 6 60 96 
103 14 17 53 55 56 61 63 
15 18 19 55 57 58 63 65 
15 18 19 58 64 66 98 99 
103 20 55 56 57 59 63 65 
105 16 19 58 60 66 67 99 
101 105 20 21 59 60 66 99 
18 44 45 46 61 62 63 87 
103 17 44 45 61 63 88 89 
104 20 21 3 48 51 65 90 
126 22 27 41 42 69 71 86 
123 22 24 41 42 69 70 83 
107 122 22 41 68 70 81 83 
106 107 122 23 68 81 82 84 
108 123 124 24 26 43 70 83 
107 108 109 122 124 125 70 83 
107 109 122 125 23 25 84 85 
108 124 126 26 27 43 71 86 
108 109 110 115 116 27 32 74 
115 121 28 29 35 75 76 79 
112 113 116 117 120 34 77 80 
28 29 30 35 36 38 73 76 
113 29 31 35 38 73 77 78 
118 119 30 33 36 38 73 74 
118 30 32 36 37 39 72 74 
114 119 31 33 38 40 73 78 
114 116 120 32 34 39 40 80 
121 126 35 41 42 76 79 86 
117 120 126 127 41 76 79 81 
123 35 36 38 41 42 76 83 
117 122 37 77 78 81 82 84 
118 119 123 124 36 38 43 83 
122 125 37 39 40 78 84 85 
118 120 124 125 126 127 39 79 
1 46 47 5 7 8 87 92 
4 44 45 6 88 89 9 93 
45 46 48 49 7 93 94 95 
12 3 4 44 51 6 88 96 
10 15 58 7 8 95 98 99 
11 55 56 57 59 9 93 94 
100 12 16 52 57 58 94 95 
100 101 12 14 4 53 6 96 
15 18 53 55 61 62 63 97 
102 103 14 17 54 56 64 98 
103 20 56 59 64 66 98 99 
100 104 16 53 61 62 67 97 
101 102 105 14 17 21 54 60 
1 102 18 46 47 62 64 87 
1 102 103 17 47 64 88 89 
18 19 45 46 48 49 63 65 
103 20 47 50 64 66 89 90 
105 20 21 3 50 66 90 91 
104 17 21 3 44 51 61 88 
110 126 127 22 27 41 68 81 
106 111 128 42 69 71 82 86 
106 123 23 24 42 69 82 84 
123 23 24 25 26 43 84 85 
109 110 111 125 127 128 25 85 
110 112 115 116 22 27 28 68 
22 24 28 29 30 69 70 73 
108 24 26 30 33 70 73 74 
107 108 109 30 32 70 72 74 
111 114 25 26 33 34 71 75 
112 115 116 117 120 28 76 79 
112 113 117 31 37 72 77 78 
114 31 32 37 39 40 72 78 
115 118 119 121 33 74 75 79 
114 119 121 33 34 40 75 80 
117 120 127 128 77 80 81 82 
123 35 38 42 77 78 82 84 
118 119 121 124 126 43 79 86 
120 125 127 128 39 40 80 85 
1 47 5 6 8 88 89 9 
10 46 47 49 50 7 8 95 
12 2 48 49 51 52 94 95 
10 13 2 49 50 52 91 95 
1 13 2 5 52 87 91 92 
1 13 3 5 6 88 91 96 
15 5 54 7 8 92 97 98 
14 5 54 56 6 8 9 98 
10 101 11 13 59 60 96 99 
100 12 16 4 52 53 92 97 
13 16 5 52 54 60 92 97 
102 15 18 54 62 64 97 98 
100 104 16 19 57 58 65 67 
100 101 104 20 21 57 59 65 
102 105 16 54 60 62 67 97 
100 101 104 14 17 21 53 61 
18 19 46 47 49 50 64 66 
103 20 45 48 63 65 89 90 
104 19 2 48 49 51 65 67 
105 19 2 49 50 66 67 91 
104 2 44 51 61 62 67 87 
1 102 105 2 62 67 87 91 
1 102 105 17 21 3 88 91 
