1.943454 1.597865 1.517660 1.512688 1.748387 0.891429 0.855900 1.292446 
1.362915 1.414876 1.405767 1.107253 1.113710 0.973948 1.369783 0.830936 
1.681221 2.028843 1.080729 1.050649 1.133714 0.828380 0.419306 0.691333 
1.240574 0.868806 0.839669 0.846731 0.859711 0.715345 0.955413 0.982240 
1.283218 1.348087 1.211450 1.598692 1.090351 0.957769 0.836002 0.392959 
1.512054 1.650925 0.787500 0.796140 1.024537 0.509034 1.014742 0.735068 
1.590073 1.404056 1.155076 0.645910 0.925016 0.844277 0.577321 0.539343 
1.613054 1.194819 1.581523 0.795539 0.746854 0.718436 0.793294 0.501604 
1.337146 1.166672 0.568612 1.226526 1.013123 0.995831 0.357288 0.176965 
1.055164 0.987023 0.751241 0.674756 1.093692 0.791273 0.771316 0.654653 
1.009886 0.512574 0.982124 0.908074 0.683380 1.038591 1.273796 0.251761 
1.264874 1.491514 1.081020 1.035535 1.126302 0.651426 0.596010 0.812097 
0.812338 1.386076 1.206102 0.894130 1.124597 0.887532 0.829166 0.851123 
1.364169 1.522808 0.874249 1.238276 0.752378 0.548720 0.784103 0.845089 
1.293739 1.121251 0.992559 0.979086 0.559948 0.837654 0.613649 0.126566 
1.664627 1.220279 1.397754 1.444228 1.157911 0.693660 0.602357 0.545837 
1.771922 2.180561 0.623996 1.083845 0.868843 0.899533 1.023645 0.683202 
1.620196 1.148768 0.435814 0.532518 1.199797 0.156514 0.885824 0.107733 
1.209395 0.854825 1.286288 1.380815 0.387725 0.807795 0.806494 0.166076 
0.995754 0.985970 0.528976 1.318706 0.783585 0.718464 0.897601 0.631330 
0.867370 1.769300 2.379634 1.128820 1.144844 0.772947 0.549442 0.547378 
0.567790 0.458533 0.985375 0.689668 0.918018 1.717537 1.067328 0.762679 
0.865534 0.578487 0.781676 0.976471 0.857885 0.978421 0.463535 1.173118 
0.853598 0.735863 0.878855 0.958319 0.926646 0.836221 1.534523 1.264678 
0.992613 0.682316 1.308165 0.638361 0.681939 1.051650 1.692776 0.841248 
0.649209 1.010026 0.800095 0.784254 0.835099 0.800504 0.698913 0.861559 
1.222397 1.828434 0.808345 0.629787 0.945286 0.849292 1.476355 1.447051 
0.851798 0.599178 0.653594 0.553885 0.462356 1.235107 0.554797 1.634563 
1.194033 1.019096 0.474489 0.886367 0.468047 0.981729 1.256615 1.130760 
0.884640 0.299146 1.009545 0.785766 0.788068 1.020634 1.664068 1.702788 
0.789339 0.911744 0.745669 0.935138 0.636671 0.698234 1.354557 1.325507 
0.969972 1.549244 1.645355 0.967181 0.633701 0.668240 1.551523 1.337313 
1.413321 1.305439 1.000078 0.816623 0.958734 0.590571 0.957305 0.982834 
1.494027 1.326557 0.972587 1.083441 0.876805 0.624570 1.056991 1.081525 
1.204969 1.163254 0.723867 0.700329 1.047078 0.481800 0.736739 0.829302 
1.094065 1.020892 1.496048 0.867170 1.024765 0.331838 1.207438 1.350976 
0.902407 0.648266 1.449104 0.335579 0.687471 0.803760 1.535444 1.761563 
1.288311 1.177079 0.960410 1.036107 1.203253 1.285025 0.621954 1.011816 
1.928668 1.625739 1.750302 0.424859 1.016622 0.570177 1.167726 1.692757 
1.492493 1.854019 1.277936 0.789465 0.622936 0.883526 0.685233 1.723257 
1.764488 0.665005 0.923217 0.785780 1.113755 1.123041 1.097321 2.045654 
1.015047 0.930255 0.984729 0.693709 0.786784 0.721042 1.444445 1.341171 
1.838451 0.947891 1.010366 1.091727 0.864952 0.767636 0.804723 1.327098 
1.240408 1.025780 0.866185 0.469184 1.172585 0.787790 0.890519 1.067364 
1.173792 1.510465 1.357077 0.792576 0.971828 0.638328 0.794185 0.578527 
1.480935 1.366056 1.239326 0.638068 0.816130 0.728161 0.672376 0.357920 
1.487256 1.179127 1.410750 0.997458 0.872441 0.946759 1.248843 0.847090 
1.341043 1.151172 1.295051 1.153087 0.975569 0.833145 0.864232 0.562950 
1.308377 1.050498 1.140769 1.027055 0.841939 0.880863 0.927277 0.231150 
1.131735 1.007109 1.315395 1.280356 0.930379 0.974382 0.784616 0.912627 
0.856748 0.842802 0.954639 1.181647 0.992822 0.905684 0.614926 0.758434 
0.998691 1.003754 1.366482 1.512158 0.872366 0.597499 0.869210 0.531729 
1.538197 1.725937 1.128445 0.698316 0.708025 0.667437 0.495973 0.913264 
1.332832 1.102699 1.053232 1.340725 1.498951 1.187074 0.868851 0.908484 
1.137545 1.035807 0.910522 1.090552 0.742238 0.889460 0.616559 0.167417 
1.112485 0.739112 1.442722 0.646603 0.904505 0.361303 0.756629 0.667603 
1.364000 1.353225 1.324579 1.521200 0.662934 0.839984 0.553046 0.572590 
1.122078 1.242680 1.069621 0.253705 0.757622 0.431481 0.695298 0.069900 
0.968461 1.066382 1.437252 1.263098 0.905916 0.985950 0.284938 0.345397 
1.043433 0.989402 1.318396 0.705184 1.217055 0.485687 0.920526 0.878376 
1.582966 1.463500 0.534211 0.709371 0.898344 0.715787 -0.105451 0.496396 
1.650597 1.546710 1.311692 1.805569 0.724705 0.292039 1.093761 0.384290 
1.432046 0.841983 1.023739 0.528901 0.975936 1.004554 0.330582 0.151023 
1.251774 1.114399 0.960608 0.956840 0.749398 0.782375 1.595435 1.160854 
0.941161 1.209190 1.186305 1.113625 0.739594 0.469813 0.688755 0.092460 
1.000267 1.065350 0.945428 0.389697 1.118939 0.611825 1.141583 0.917046 
0.879508 1.380379 0.638546 0.755802 0.004916 1.592847 0.454943 0.819543 
1.108846 0.574098 0.790446 1.066368 0.824633 1.025146 1.721198 1.323181 
0.919828 0.775677 0.594536 0.700686 1.276682 1.027358 0.658762 0.766581 
0.804775 0.726308 1.249400 1.596449 0.861839 0.707192 1.054827 1.194808 
1.008672 0.850122 1.030130 0.730650 0.591311 0.983488 1.151981 1.105145 
1.071029 0.844348 0.520815 0.655159 0.860817 1.230420 0.947439 1.054992 
1.114761 0.977265 0.662649 1.192218 0.840932 0.882033 0.835885 1.000705 
1.206031 0.953339 1.476755 0.956117 0.770534 0.680897 1.065345 1.513968 
1.162330 1.063973 0.979921 0.765051 0.965446 0.394261 0.772579 1.276757 
0.944329 1.058229 1.031913 0.658777 1.497995 1.021632 0.812644 1.891978 
1.809691 1.498607 1.049904 0.724622 1.013208 0.425741 0.666062 1.811720 
1.497822 1.301908 0.640250 0.566821 0.764585 0.815631 1.527363 1.437418 
1.263173 1.881619 1.274121 0.774753 1.032713 1.149240 1.258603 1.970703 
1.226948 1.467608 1.427137 1.003244 0.674377 0.629908 1.044450 1.084832 
1.327475 1.650941 1.297895 0.748369 1.182166 0.654886 0.798263 1.929210 
1.179955 1.546358 1.271770 0.531241 0.861499 0.985106 0.792025 1.248466 
1.168655 1.667007 1.227582 0.989938 1.586603 1.538691 0.732419 1.108725 
1.255600 1.204645 0.852164 1.110013 0.947302 1.121188 1.131500 1.353223 
1.480465 0.957020 0.543544 0.521528 1.158908 0.816765 1.291268 1.524338 
1.724583 0.679269 0.627549 0.917043 1.068563 0.899313 0.699470 1.142411 
1.103754 0.835882 1.301177 1.085108 0.563746 0.676459 0.761055 0.631820 
1.490870 1.660863 1.855313 1.075167 0.802900 0.787094 0.782978 0.656914 
1.759442 1.069618 0.849695 0.993594 0.924622 0.458652 1.163467 0.635315 
0.946941 0.795202 0.678954 0.958685 0.581182 0.821708 0.616354 0.602175 
0.868097 1.153356 1.185387 1.030902 1.136685 1.537580 1.115631 0.592763 
1.699605 1.350605 1.171115 0.981103 0.604310 0.637111 0.670434 0.500621 
0.970872 1.718955 0.759424 0.861796 1.110683 0.456688 0.366081 0.145252 
1.241554 1.255750 0.697294 1.436114 1.176253 0.520932 0.077976 0.554503 
1.134193 1.472609 1.082387 1.204635 1.012445 0.306310 0.441501 0.659438 
1.359175 0.707732 0.792665 0.683666 0.972953 0.938255 0.523798 0.771935 
1.000603 1.295929 0.921409 1.388656 1.311975 0.812377 0.132861 0.745491 
1.333125 1.295220 1.385748 1.158255 0.969524 0.001392 1.162783 0.608625 
1.144024 1.161745 0.971267 1.209325 0.848765 1.393982 0.361759 0.482535 
1.933653 1.340194 0.895998 1.584758 1.336252 0.447925 0.625725 0.602944 
1.338260 0.978010 1.542810 1.156202 1.253452 1.062365 0.466304 0.526945 
1.863941 1.253397 1.392888 1.590043 0.943986 0.716829 0.551637 1.022846 
0.888378 0.530919 0.431888 0.596799 0.937766 0.694889 1.031502 0.665641 
1.153810 0.736384 1.572272 0.000119 1.519820 0.819919 0.677167 0.423077 
1.393195 1.191701 1.346362 1.722589 0.730732 1.204785 0.566691 0.623077 
1.153939 0.421115 1.053428 0.562713 0.989580 0.892228 1.200843 0.563806 
1.066961 0.804774 0.638998 1.304132 0.908878 1.205251 1.082692 1.390917 
1.043248 1.888773 1.032936 1.094092 0.407651 0.812339 1.187935 1.735962 
0.878675 1.212293 1.818765 1.083398 0.749705 0.754685 1.333828 1.273254 
0.863429 1.338653 1.451647 1.098773 0.661796 1.137544 1.195984 1.623417 
0.681889 1.070785 0.639573 0.847339 0.573164 0.922785 1.066808 0.845746 
0.656418 1.415923 0.681432 0.688773 1.065288 1.409218 1.290725 1.139878 
0.986180 1.186517 0.680116 0.239252 0.369913 0.624649 0.702998 1.290173 
0.663659 1.404061 0.773931 1.244626 0.383314 0.751693 0.696203 1.134823 
1.628529 0.883693 1.422478 0.487145 0.784729 0.428136 1.139589 1.496067 
1.537926 1.394311 1.153036 0.671568 0.735230 0.731901 1.367541 1.538831 
1.983264 0.627229 1.110321 0.892609 0.981006 0.312418 1.818965 1.335875 
1.586806 1.897030 1.666939 1.531625 0.962459 0.553603 0.801410 0.901486 
0.001474 1.186986 1.362381 0.847236 0.410714 0.871065 0.554616 0.855722 
1.324168 1.568920 1.349284 0.974067 0.854192 0.854542 1.023457 1.693779 
1.274741 1.312471 1.759151 0.868882 0.731639 0.765932 0.574358 0.644461 
1.053997 1.312966 0.906668 1.115150 1.180472 1.319262 0.541148 0.662116 
1.044772 0.897509 0.595248 0.889448 0.762600 0.939011 1.086193 1.232257 
1.746024 1.753694 1.919177 1.248770 1.150582 0.709795 1.104673 0.946861 
1.806378 1.701491 1.769743 1.066414 1.259714 0.721024 0.832593 1.736415 
2.245808 1.607621 0.690085 0.619267 1.100273 0.959772 1.147378 1.448709 
0.932537 1.400402 1.456071 1.535316 1.003625 1.157656 1.496549 1.341126 
0.866484 1.295599 1.532773 0.875876 1.117664 0.909802 1.139675 1.441796 
