112 115 125 126 20 23 32 96 
127 19 50 51 60 61 62 79 
114 115 31 53 64 81 94 96 
128 21 22 23 32 52 63 95 
112 115 121 20 23 24 57 82 
112 115 116 121 24 50 53 56 
117 19 20 22 23 57 82 85 
112 113 116 118 24 25 50 51 
115 120 121 23 52 57 81 84 
121 124 24 26 57 59 82 92 
116 121 24 26 29 56 86 92 
117 123 124 57 58 59 82 85 
118 54 55 83 87 88 90 91 
120 121 29 56 83 89 90 92 
123 128 29 58 60 61 64 86 
126 127 27 58 59 61 88 93 
127 27 28 63 88 91 93 95 
29 31 64 89 90 92 94 96 
101 2 33 34 65 68 69 7 
1 100 101 34 5 65 66 7 
103 104 38 4 67 70 72 99 
104 33 38 4 65 68 7 72 
1 104 37 4 5 65 7 9 
10 100 105 11 41 5 6 8 
100 102 105 39 41 73 74 8 
10 105 108 109 11 110 41 76 
105 109 16 17 42 73 75 77 
107 17 43 47 49 73 75 77 
11 14 15 18 40 44 48 76 
109 110 111 35 36 66 77 98 
111 18 3 35 36 37 47 77 
1 108 37 4 45 47 49 65 
128 19 22 50 53 60 61 64 
126 127 19 20 61 79 80 93 
113 30 31 52 80 81 93 95 
113 114 30 31 51 62 81 94 
115 23 31 32 52 81 95 96 
114 128 21 22 53 63 64 94 
113 114 118 120 25 51 81 83 
116 117 123 29 56 58 85 86 
116 118 122 24 25 26 86 87 
117 119 27 54 58 59 82 88 
120 121 124 28 57 84 89 92 
123 29 55 56 83 85 90 91 
123 124 126 128 32 58 59 61 
127 58 60 61 62 86 87 88 
124 28 31 32 89 92 95 96 
123 128 29 63 64 90 91 94 
123 124 128 28 32 63 91 95 
2 33 6 68 69 8 97 98 
2 36 39 67 69 70 8 98 
102 103 104 35 37 4 9 99 
3 33 38 6 68 71 72 97 
101 103 106 13 42 69 70 75 
103 104 107 13 44 70 72 75 
11 14 40 44 6 68 71 72 
10 104 107 12 43 5 7 9 
106 12 15 16 40 42 45 46 
10 105 108 109 12 16 42 45 
110 15 2 33 46 76 97 98 
15 16 2 33 34 45 46 65 
110 111 2 36 46 67 78 98 
17 38 4 48 49 67 78 99 
15 18 3 33 38 48 76 97 
126 128 19 20 22 23 32 61 
112 113 125 126 20 30 80 93 
114 127 21 51 62 63 79 94 
116 117 19 22 50 53 56 85 
116 117 118 19 50 51 54 79 
114 118 21 51 54 55 79 83 
114 115 120 121 53 56 81 83 
114 21 22 53 55 56 83 85 
119 120 122 25 27 28 84 89 
118 120 122 25 83 87 89 90 
119 27 28 54 55 84 88 91 
125 26 29 60 64 86 92 96 
122 27 28 30 31 89 93 95 
127 62 63 87 88 90 91 94 
101 103 2 34 67 69 70 99 
100 101 102 103 34 35 66 99 
102 3 35 36 37 39 71 9 
10 100 101 105 12 42 5 7 
13 14 39 44 70 71 72 74 
102 103 104 107 43 73 75 9 
104 107 12 40 44 68 7 72 
106 11 110 15 40 41 46 76 
106 110 111 13 41 46 74 78 
106 13 16 17 42 46 75 78 
111 14 18 43 47 73 74 77 
111 13 14 18 44 48 74 78 
107 13 17 44 48 49 75 78 
10 108 11 14 18 43 47 76 
109 16 17 34 35 66 77 99 
111 18 3 36 38 48 67 78 
17 35 37 4 47 49 77 99 
1 108 18 3 37 47 76 97 
112 115 125 50 53 60 64 96 
112 113 125 30 50 51 60 62 
127 21 52 63 79 80 93 95 
112 113 119 20 24 25 80 82 
117 119 19 20 54 79 80 82 
113 119 120 25 52 80 81 84 
119 21 52 54 55 79 80 84 
21 22 23 52 55 57 84 85 
119 122 24 25 26 27 59 82 
116 117 118 54 58 86 87 88 
123 124 28 55 57 84 85 91 
124 125 126 26 32 59 92 96 
122 125 126 26 27 30 59 93 
122 125 26 30 60 62 86 87 
122 30 31 62 87 89 90 94 
1 100 5 6 66 8 97 98 
100 102 35 36 39 66 8 98 
3 36 38 39 67 70 71 72 
1 3 37 5 6 71 9 97 
106 11 40 41 6 68 69 8 
101 106 12 40 42 68 69 7 
106 13 39 41 69 70 74 8 
100 101 102 103 105 42 73 75 
102 14 39 43 71 73 74 9 
10 11 14 43 5 6 71 9 
105 109 110 111 41 73 74 77 
107 12 15 40 44 45 48 49 
10 107 108 12 43 45 47 49 
1 108 109 110 66 76 97 98 
1 108 109 16 34 45 65 66 
16 17 2 34 46 67 78 99 
15 33 38 4 45 48 49 65 
