1.662484 1.303986 1.778218 1.750359 1.267718 1.404083 0.883988 1.267687 
1.718330 1.613844 1.384060 1.091657 1.561013 0.915928 1.387895 1.769189 
1.577631 1.168582 0.937061 0.850634 0.611250 1.274970 1.425092 1.264870 
1.539063 1.785351 1.356433 1.327693 0.997363 1.223101 0.803298 1.551421 
1.659908 1.186834 1.398440 1.078925 1.239871 0.686781 0.768228 1.572558 
1.747885 1.156172 1.819977 1.431311 0.998889 1.071100 1.083582 0.873069 
1.605153 1.295368 1.444667 1.417529 1.393627 0.916065 1.689622 1.672400 
1.756088 1.722314 1.745281 1.874430 0.903084 1.471745 1.087182 1.061854 
1.275926 1.319028 1.349140 1.288250 1.081426 0.753134 1.187907 1.891093 
1.521426 1.543376 0.890394 1.517965 0.706830 0.812778 1.686288 1.022819 
1.581179 1.297402 0.867306 1.314739 0.494389 0.889695 1.367505 1.107584 
1.877992 1.082832 1.473837 0.649578 0.651027 1.175281 1.681160 1.393412 
1.442507 1.280592 1.456729 1.342342 1.270648 1.204300 1.226723 1.436029 
1.244621 1.166503 0.662682 0.810903 1.197423 1.283562 1.211588 1.220047 
1.391701 1.519704 0.681728 0.811180 1.414898 1.000843 1.007106 1.617905 
1.855833 1.620938 1.429054 0.851055 1.056727 0.626254 1.518811 1.106908 
1.513114 1.570131 1.277720 0.696982 1.228911 1.435982 1.356178 1.378917 
0.720828 0.722390 0.694894 1.409426 1.250650 1.215914 1.305378 1.493778 
1.634019 1.096158 0.779906 1.178435 1.610469 1.370456 1.252462 0.772465 
1.224400 1.498686 1.850750 0.970047 1.412658 1.518988 1.584266 1.034286 
1.454265 1.491360 0.955301 0.982768 1.302027 1.393978 1.210911 1.743780 
1.370198 0.596359 1.083989 0.776713 1.474041 1.447312 0.822830 1.212690 
1.379388 1.555311 1.319318 0.950912 1.592227 1.402484 1.001869 1.514003 
1.510500 1.835639 1.785112 1.616006 1.488626 1.457163 1.473918 1.433956 
1.681360 1.781791 1.448815 1.220872 1.175425 1.214549 1.854277 1.395846 
1.567975 1.758272 1.827089 1.319075 1.493342 1.442172 1.320905 1.148559 
1.495491 1.435050 1.478189 1.431520 0.982784 1.432063 1.570953 1.410235 
1.746527 1.472046 1.312413 1.231434 1.317127 1.675598 1.461379 1.673324 
1.556346 1.930636 1.285802 1.679571 1.569529 1.548646 1.532796 1.601947 
1.191615 1.260006 1.873497 1.185572 1.213717 1.510018 1.487542 1.388708 
1.835664 1.444649 1.787592 1.513961 1.348316 1.525168 1.380649 1.724508 
1.445182 2.008078 1.558017 1.206470 1.042278 1.325409 1.648651 1.617181 
1.639165 1.644501 1.488417 1.337215 1.217925 1.563155 0.912483 0.984915 
2.009302 1.590088 1.482503 1.118265 0.700260 1.699369 1.672310 1.261083 
1.761246 1.567882 1.015541 0.964363 1.538223 1.462119 1.215654 1.504406 
1.910808 1.685786 1.618237 0.829839 0.939842 1.170984 1.223379 1.327935 
1.295113 1.116038 0.774652 0.752389 1.200196 1.276242 1.544809 1.303790 
1.508203 1.662929 1.658949 1.569788 1.180460 0.824633 0.933210 1.472914 
2.036648 1.658730 1.736153 1.326989 1.126458 1.057961 0.992912 1.115450 
1.431508 1.569608 1.359604 0.848246 0.854873 0.408932 1.460661 1.507779 
1.598899 1.529075 2.068850 1.051125 1.303571 1.432850 1.304436 1.170275 
1.641313 2.138783 1.348300 1.001995 0.532496 1.269439 1.559622 1.564262 
1.376272 1.422038 1.620673 0.892790 0.495915 1.771626 1.502694 1.215638 
1.038661 0.707377 1.059435 0.836126 1.469450 1.495641 1.376237 1.215463 
1.255739 1.558273 1.987280 1.549654 0.539485 0.865129 1.026864 0.757439 
1.558427 0.642670 1.311327 0.905425 1.221933 1.433897 1.259796 1.237194 
1.474612 1.022909 0.782021 0.611889 1.553509 1.125061 1.580897 1.444995 
1.211399 1.449285 0.695168 0.651024 0.821684 1.262741 1.413858 1.522618 
0.895659 1.451491 1.396964 0.946208 0.819875 0.812108 1.308846 1.473994 
1.009112 0.613644 1.093298 1.399250 1.419659 1.169410 1.747419 1.602330 
0.832041 1.106079 1.466269 1.571998 1.596061 1.324300 1.302547 1.901500 
2.036952 1.109196 1.429526 1.086975 1.547819 0.923756 1.372461 1.889551 
1.265790 0.593389 1.002744 1.202132 1.586725 1.697812 1.253899 1.857026 
1.671600 1.300137 2.020257 1.436610 0.748475 1.213510 1.484678 1.583486 
1.569942 1.141401 1.726638 1.583796 1.028403 1.475714 1.308181 1.400116 
1.591074 1.689542 1.229044 1.303185 1.269282 1.425341 1.903778 1.363656 
1.588619 1.452297 1.888486 1.704609 1.471621 1.806911 1.217086 1.651193 
2.178048 1.847724 1.478697 1.949996 1.205946 1.136315 1.494428 1.320232 
1.120287 1.656042 1.724466 1.366390 1.740225 1.503395 1.240994 1.023897 
1.445159 1.282841 1.203080 0.843098 1.205969 1.202846 1.743362 1.407707 
1.543583 1.549934 1.187314 0.829404 1.165008 1.241037 1.437038 1.592673 
1.500884 1.613234 0.875632 1.054004 1.003162 1.570362 1.447041 1.850777 
1.364288 1.192740 1.044222 1.412892 1.699958 1.646493 1.813291 1.922655 
1.437057 1.444729 1.482797 0.798367 1.193494 1.475728 1.398208 1.859818 
1.853063 1.426861 1.458559 1.221936 1.341291 1.106781 0.666989 0.513794 
1.418436 1.641440 1.734483 1.634158 1.011990 1.224658 1.797728 1.445280 
1.628928 1.392634 1.265343 0.985041 1.298938 0.571526 1.637164 1.473448 
1.537653 1.490824 1.309149 1.376380 1.176738 1.294958 0.777965 1.401469 
1.445068 1.380005 1.661798 1.083984 1.260841 1.191286 0.951410 1.773919 
1.698617 1.921713 1.314349 0.754748 1.186629 1.311557 1.839131 1.416745 
1.422665 1.271836 1.501085 1.036376 0.805850 0.714951 1.077614 1.272115 
1.556893 1.559457 1.290998 1.074222 1.332529 0.858737 1.407214 1.583465 
2.196174 1.447256 2.250277 0.920998 1.237930 1.223902 1.819822 1.353522 
1.759371 1.412228 1.993854 1.023585 1.240373 1.185777 1.035465 1.145695 
2.084307 1.319300 0.829447 1.168533 1.023159 1.557149 1.509645 1.209122 
1.809002 0.969141 0.770214 0.953297 0.720663 1.509665 1.201940 1.146115 
1.937883 1.134294 1.121124 1.420877 0.724473 1.274773 1.406028 1.614513 
1.593931 0.870614 0.548420 1.489316 1.358351 1.129352 1.442986 1.331778 
1.621396 1.258428 0.702601 0.813152 1.360171 1.353855 1.483740 1.420031 
1.451176 1.574543 1.817007 1.003384 0.823423 0.884079 1.760628 1.988368 
2.036700 1.432761 1.404796 1.178333 1.452446 1.076859 1.771549 1.191814 
1.455806 1.479843 1.541867 1.554474 1.619733 0.785964 1.509024 0.790514 
1.235493 1.286672 0.910624 1.296290 1.393079 1.746413 1.176990 1.767374 
1.616521 1.320036 1.305993 1.937286 1.278506 1.374256 1.271727 1.317122 
1.334823 1.777795 1.390436 1.043551 1.172198 1.281927 0.835788 1.269139 
2.112196 1.350669 1.745987 1.212036 1.211312 0.893650 0.924404 1.339868 
2.213874 1.750469 1.605070 1.123502 0.867919 0.837165 1.813988 1.847405 
2.236939 0.987273 1.549586 0.914102 1.085486 0.776159 1.645364 1.596727 
1.578692 1.470056 1.386526 1.485173 1.425037 1.439151 1.654017 1.488222 
1.443023 1.209156 1.543725 1.374469 1.406777 1.195929 1.858099 1.571633 
1.841271 1.311835 1.229653 1.080979 1.224158 1.306240 1.430345 1.766866 
1.102874 1.730412 1.416009 1.688295 1.285992 1.364935 1.047643 1.270068 
1.493055 1.160324 1.167208 0.815129 0.890105 1.739306 1.602471 1.959011 
1.764670 1.242817 1.546458 0.980948 0.908651 1.312443 1.525068 1.585547 
0.972610 1.053751 1.436661 0.822232 1.273069 1.378337 1.604946 1.779584 
0.998127 1.676464 1.526398 1.421205 1.364999 1.289399 1.108640 1.544525 
1.464885 1.196872 1.771321 1.136737 1.150423 1.067218 0.671755 1.133957 
1.300846 1.755252 1.603828 1.197602 1.124734 1.255102 0.900561 1.441166 
1.404190 1.427353 1.063819 0.633607 1.427713 1.836316 1.511211 1.493238 
1.661438 1.525706 1.850600 0.833777 0.839278 1.230225 1.477037 1.405742 
1.681887 1.923522 1.041806 1.144573 0.989238 1.579067 1.490486 1.427645 
1.653778 1.813712 1.477627 0.950104 0.929254 1.494952 1.228015 1.488825 
2.074938 1.568762 0.818387 1.128144 1.446027 1.746996 1.452201 1.916891 
1.731693 1.376539 1.471862 1.156466 1.055769 0.607218 1.836877 1.516128 
2.149948 2.142239 0.896125 1.138705 1.455201 1.203128 1.041293 1.617811 
1.251638 1.643293 1.557366 1.031215 0.356626 1.457943 1.411560 1.507716 
0.907879 1.529896 0.814631 1.058648 0.445967 1.891591 1.400225 1.324827 
1.587686 1.706781 1.631547 1.148747 0.674507 0.857509 1.118354 1.184299 
2.276419 1.892183 1.646145 1.183958 1.424953 1.206429 1.028899 1.517873 
2.022982 2.044751 1.092365 1.195549 0.995190 1.192167 1.666018 1.579846 
1.803107 1.677498 0.747271 1.057053 1.278430 1.240760 1.058809 1.462746 
1.005184 1.674588 1.456444 1.258519 1.376768 1.295887 1.509897 1.238741 
1.331480 1.762450 0.946544 1.104241 1.457471 1.396609 1.021280 1.485769 
1.411255 1.183161 0.760240 1.312952 1.485862 1.479880 1.737543 1.194412 
1.127064 1.247076 1.368997 1.432263 1.026489 1.857244 1.336165 1.643986 
1.729402 1.453154 0.928437 1.146242 1.420371 1.274632 1.220753 1.356201 
1.922439 2.173944 1.806485 1.110166 1.028137 1.324465 1.203775 0.749297 
1.848570 0.902594 1.247512 0.879707 1.225520 1.486615 1.885040 1.272472 
1.372391 1.532923 1.638403 1.189124 1.550555 0.816603 1.448120 1.485443 
2.087337 1.341959 1.201781 1.327397 1.990191 1.496916 1.932386 1.157984 
1.561066 1.481756 1.447174 1.477523 1.608517 1.314810 1.608908 1.370174 
1.486982 1.367743 1.280375 1.260999 0.884936 1.451726 1.702427 1.288832 
1.622499 1.433704 1.322813 1.386826 1.153139 1.138339 1.347456 1.126139 
1.279015 1.800546 1.855300 1.410575 1.419165 0.971762 1.048085 1.230463 
0.838827 1.660161 1.331589 1.650226 1.508340 1.249264 1.617191 1.342583 
0.933541 1.638175 1.138798 1.366219 1.063240 1.094607 1.479448 1.431504 
1.497170 1.170752 0.916488 1.038435 1.109342 1.358475 1.736356 1.680577 
1.131240 0.681083 1.135644 0.936918 1.142745 1.320593 1.363516 1.503198 
