103 104 106 11 122 123 36 75 
104 105 12 124 125 18 30 75 
106 123 13 19 29 31 37 76 
12 125 127 13 32 38 68 76 
107 111 113 119 34 54 69 71 
108 112 120 17 35 51 72 73 
107 109 113 33 54 55 69 74 
112 117 119 120 15 53 56 71 
113 18 36 54 55 57 74 75 
114 115 117 118 123 19 37 76 
1 22 23 39 40 44 58 60 
2 25 27 4 41 45 80 85 
3 4 41 45 81 84 85 86 
20 22 26 39 43 79 81 86 
45 62 8 84 85 86 92 95 
26 83 84 86 90 92 93 95 
22 26 43 6 61 86 93 95 
2 40 41 65 78 9 98 99 
10 3 41 59 65 66 78 99 
103 121 122 128 14 32 38 50 
104 106 123 124 30 31 37 75 
103 108 11 111 14 17 67 69 
107 11 111 49 67 68 69 71 
105 107 109 29 49 50 51 52 
104 105 109 110 12 30 33 53 
110 111 14 16 17 30 31 67 
110 111 12 30 53 67 68 71 
108 114 115 51 52 70 72 73 
24 3 41 45 59 78 82 84 
2 21 25 26 27 79 80 83 
21 26 3 79 81 83 84 86 
20 4 42 43 77 81 85 86 
25 44 60 7 83 88 90 91 
100 101 46 5 61 93 94 96 
100 46 48 6 61 64 93 95 
1 39 40 46 58 9 96 97 
10 100 21 3 47 48 79 81 
102 20 4 48 63 64 77 81 
103 11 122 126 128 14 36 67 
104 105 11 18 36 49 57 75 
105 12 125 13 18 19 29 76 
107 112 32 49 50 51 68 71 
103 108 112 14 17 32 50 51 
103 104 106 108 11 33 69 70 
105 109 12 13 15 29 52 53 
122 126 128 34 35 36 54 73 
115 116 118 123 124 37 74 75 
117 118 120 128 35 37 38 76 
23 24 40 42 58 60 77 78 
20 24 42 43 59 77 78 82 
24 28 42 43 6 82 87 89 
24 28 45 62 82 84 89 92 
25 27 45 62 8 85 91 94 
46 5 61 7 88 9 96 97 
62 65 7 89 9 91 98 99 
101 102 62 8 91 94 98 99 
40 58 63 65 77 78 9 96 
11 126 127 36 49 57 67 68 
103 106 121 122 123 19 29 50 
104 105 107 109 11 33 49 69 
108 111 17 34 35 54 69 73 
109 114 117 15 52 53 55 56 
113 119 120 121 127 38 57 72 
120 121 122 128 35 38 72 73 
113 114 121 18 19 55 57 72 
114 115 121 122 123 19 72 73 
22 23 26 27 39 58 79 80 
23 27 4 42 58 77 80 85 
22 23 44 5 60 61 7 88 
28 44 82 83 84 88 90 92 
23 27 42 5 8 85 87 94 
28 6 63 64 65 66 87 89 
28 46 6 61 64 66 88 97 
47 7 88 9 90 91 97 98 
1 2 21 40 47 9 97 98 
10 102 3 4 41 48 81 99 
121 127 32 38 49 50 57 68 
105 121 18 19 29 49 50 57 
124 126 128 14 30 31 37 67 
12 124 125 126 127 30 67 68 
128 13 14 31 32 37 38 76 
103 106 108 29 50 51 52 70 
104 106 110 16 30 31 33 70 
106 13 15 16 29 31 52 70 
112 12 13 15 32 53 68 71 
112 13 14 15 16 17 31 32 
107 112 113 119 120 51 71 72 
108 115 33 54 69 70 73 74 
107 109 113 114 51 52 55 72 
110 115 116 118 16 33 70 74 
109 110 116 33 53 55 56 74 
114 115 117 118 15 16 52 70 
110 111 116 118 16 17 34 35 
110 111 116 119 34 53 56 71 
112 117 118 120 15 16 17 35 
113 119 126 127 34 36 54 57 
115 122 123 36 54 73 74 75 
116 124 125 18 55 56 74 75 
114 117 125 18 19 55 56 76 
116 118 124 126 128 34 35 37 
116 119 124 125 126 127 34 56 
117 119 120 125 127 38 56 76 
1 20 22 39 43 44 59 82 
1 2 21 25 40 44 60 83 
2 24 25 40 41 45 60 78 
1 21 3 44 59 82 83 84 
23 24 42 5 60 7 87 89 
22 28 43 44 6 61 82 88 
24 25 45 60 62 7 89 91 
25 26 27 83 90 91 93 94 
22 23 26 27 5 61 93 94 
42 43 6 8 85 86 87 95 
5 63 65 7 87 89 9 96 
10 28 62 65 66 89 92 99 
10 28 47 66 88 90 92 97 
100 101 47 90 91 93 94 98 
10 102 48 62 8 92 95 99 
10 100 47 48 90 92 93 95 
101 102 5 63 8 87 94 96 
102 48 6 63 64 8 87 95 
20 59 63 64 65 66 77 78 
1 20 39 46 59 64 66 97 
1 10 21 3 47 59 66 97 
100 101 2 21 47 79 80 98 
101 102 2 4 41 80 98 99 
100 101 39 46 58 79 80 96 
101 102 4 58 63 77 80 96 
100 20 39 46 48 64 79 81 
