1.292982 1.487410 1.835806 0.870616 1.447296 1.535413 1.069898 1.622559 
1.960280 1.163787 1.386832 2.085061 1.500533 1.195696 0.831201 1.151824 
2.012787 1.377339 1.856337 1.255660 0.755070 0.962999 1.483027 1.236235 
1.091729 1.972505 1.835413 1.703234 1.379954 1.208685 1.099342 1.530184 
1.615534 1.688996 1.289752 1.888161 1.226308 1.822741 0.610429 1.122882 
1.517538 1.485394 1.925152 0.875686 1.143747 1.329846 0.960327 1.508812 
1.433353 1.419630 1.388124 1.355908 1.769183 1.313146 0.617901 1.517762 
1.774229 1.735282 1.879436 1.586831 1.264039 1.438609 1.701802 0.996091 
1.582245 1.418895 1.050893 1.775401 1.356619 1.226170 1.317642 1.262189 
1.322795 1.768589 1.694437 1.977369 1.446030 1.077244 1.173269 1.260340 
1.105669 1.272950 1.315618 1.474898 1.475694 1.326996 1.284241 1.281916 
1.447031 1.196344 1.220997 0.595905 0.987671 1.431552 1.667887 1.357654 
1.058394 0.728860 1.244579 1.173153 1.160328 1.220992 0.909771 1.347528 
0.954545 0.868350 0.886099 1.728383 1.385021 1.470986 1.251857 1.652815 
1.632857 1.303221 1.278171 0.898880 1.062676 1.062239 1.798606 1.354565 
0.770620 1.670002 1.226470 1.453243 1.409328 1.657399 1.499812 1.279689 
1.175369 0.755049 1.308734 1.190610 0.822825 1.218206 1.791453 1.557962 
1.184346 1.273661 1.096944 1.141854 1.732421 1.246209 1.409881 1.776949 
1.208962 1.033813 1.156986 1.567239 1.274549 1.365799 1.777317 1.690506 
1.234041 1.477747 1.554249 1.788878 1.093066 1.133660 1.301208 1.327502 
1.669649 1.794372 1.539636 2.301277 0.852569 1.314677 1.414918 1.280067 
1.144451 1.586412 1.348070 1.928237 1.246067 1.217800 0.911246 0.909292 
1.576775 1.367049 1.605492 1.200444 0.977059 1.505949 0.661620 1.222306 
1.668793 1.575690 1.374402 0.909889 1.141074 1.398247 1.366690 1.535757 
1.756800 1.165638 1.538784 2.042060 1.438576 0.674980 1.230075 1.382135 
1.596710 1.498809 1.337379 1.477291 0.934268 1.253284 0.956454 1.128743 
1.896751 1.546580 1.520627 0.957120 1.309908 1.144959 1.189796 1.379562 
1.715470 1.628249 2.057804 1.425948 1.422336 1.292350 0.883842 1.014458 
1.205949 0.838421 1.104561 1.696893 1.201160 2.062188 2.018989 1.089149 
1.390749 0.695109 0.972595 1.328271 1.106903 1.720011 1.620231 1.871521 
0.938362 0.812589 0.899650 1.838304 0.868272 1.711487 0.841753 1.390408 
1.052384 0.840877 1.246367 1.430552 1.963238 0.945354 1.078304 1.076479 
1.064433 1.573873 1.271935 1.290977 1.501026 1.469588 1.590788 1.661133 
1.508720 1.592991 1.467055 1.268800 0.754087 1.896506 1.424034 1.534305 
1.444039 1.663297 1.335823 1.350529 0.806142 0.980744 1.652202 1.426907 
1.318117 1.431866 1.352737 1.215674 0.917368 1.121788 1.782917 1.345366 
1.224073 1.367085 0.742831 1.140720 1.395609 1.201516 1.543073 1.231677 
1.716320 1.395672 0.843140 1.299116 1.455249 1.133083 1.663137 1.293527 
1.013139 1.029463 1.331904 2.003301 1.380618 1.335905 0.830502 0.541672 
1.206471 1.094114 1.051643 1.097928 0.939422 1.231987 1.101807 0.826080 
1.176064 0.898580 1.490694 1.701111 1.033482 1.095874 0.672534 1.088749 
1.737941 2.004880 1.013513 1.329403 1.460167 1.264119 1.329894 1.239823 
1.455029 1.258669 1.760053 1.135505 0.730674 1.016232 1.516868 1.068191 
0.862502 1.241214 1.375479 1.579166 0.910576 1.372596 0.836212 1.313222 
1.680845 1.640983 1.032322 1.312068 1.233343 0.830455 1.402182 1.341748 
1.591106 1.779804 1.679433 1.235968 1.511441 0.806631 1.945742 1.036556 
1.712086 1.914548 1.944616 1.563555 2.063271 1.227970 1.471149 1.524394 
1.682147 2.057242 2.077742 2.206929 1.160757 1.129740 1.108008 1.656167 
1.087561 1.173292 1.570556 1.614938 1.053819 1.351595 1.688520 1.774367 
1.022413 1.071075 1.436255 1.628788 1.452548 1.635512 2.076886 1.764378 
1.088559 0.889391 1.296427 1.235952 1.234853 1.972873 1.584804 2.387982 
1.133249 0.778405 1.571196 1.104006 2.096070 1.142066 2.272946 1.976607 
1.019804 0.869773 1.649024 1.011387 1.350644 1.279275 1.795809 1.638441 
1.305376 1.082998 0.866686 0.930805 1.333357 0.855681 1.494325 1.456771 
1.406158 0.965115 1.007426 1.850823 1.001173 1.740343 1.296234 1.974584 
1.593152 1.402609 1.287494 1.367680 1.806546 1.385601 1.438798 1.802170 
1.288087 1.065894 1.332611 1.194642 1.792306 1.895582 1.038055 1.831411 
1.349192 1.934442 1.664935 0.991525 1.186321 1.387669 0.834575 1.542789 
1.153643 1.468594 1.325562 1.355159 1.155028 1.239600 0.676876 1.455177 
1.482848 1.663752 1.839065 1.522689 1.098334 1.202830 1.270337 0.817847 
1.676812 1.461444 1.084577 1.288760 1.217865 2.215099 0.810830 0.981073 
1.419472 1.355206 1.605282 1.253951 1.322050 1.080626 1.550029 1.533375 
1.794583 1.689768 2.163207 1.663672 1.799391 1.181297 1.299901 0.883648 
2.314559 1.623048 1.600816 2.004827 1.085294 1.159174 0.918522 1.176684 
1.721887 1.548000 1.361716 1.054042 0.925500 1.041040 0.971562 0.815697 
1.306767 1.722742 1.337909 1.571064 1.064966 0.978659 1.206270 1.136730 
1.154962 1.211701 1.234519 1.339189 1.496720 1.104328 1.453925 1.958505 
1.218607 0.877907 0.686292 1.498332 1.294196 1.574963 1.539716 1.508621 
1.269563 1.047630 1.737425 1.316071 1.514992 0.914495 1.242438 1.473633 
0.914727 1.558622 1.785751 1.463220 1.094057 1.509626 1.381366 2.009362 
1.063009 1.130534 1.468634 1.226906 1.220356 1.520457 1.375138 1.636018 
1.142717 1.575491 1.612512 1.344909 1.734809 2.171600 1.596565 2.173854 
1.073838 1.537752 1.827731 0.828233 1.383859 1.883238 1.476007 1.326612 
1.323679 1.179900 1.322739 0.937109 1.610523 1.647027 1.405488 1.663638 
1.488742 1.148047 0.591326 0.967495 1.562233 1.057422 1.355380 1.287027 
1.075950 1.668593 0.766168 0.754432 0.895878 1.382992 1.186159 1.434804 
1.269523 1.893272 1.385879 0.978290 1.079000 1.322631 1.327550 0.996179 
1.319263 1.099992 1.172493 1.032722 0.990602 1.039684 1.571087 1.285005 
2.073418 1.688970 1.440038 1.243210 1.031627 1.342444 1.337250 0.631516 
1.204915 1.660772 1.358107 1.758506 1.464520 0.700173 1.070985 1.090366 
1.790291 1.712123 1.303091 0.689372 0.983679 1.375749 1.174198 1.542591 
1.038290 1.622685 1.497452 1.076649 1.328877 1.494378 1.687142 1.206085 
1.814944 1.714883 1.716195 1.563678 1.037532 1.070629 1.114175 1.111088 
1.994905 1.698629 1.046800 1.481076 0.748424 0.640150 1.418816 1.141369 
1.718812 1.206486 1.309093 0.996937 0.885645 1.216756 1.323775 1.252667 
1.761097 1.669423 1.400128 0.997137 1.513962 0.802341 0.922324 0.880146 
1.291979 1.901498 1.702111 1.782813 1.723562 1.277971 0.729402 0.446096 
1.920656 2.056020 1.283490 1.934687 0.672680 1.423470 0.953794 1.460100 
1.118979 1.146506 1.409244 1.702414 1.560870 1.588991 1.220173 0.582573 
1.394592 1.898381 2.013731 1.708282 1.414582 1.381114 1.226414 1.673494 
1.465359 1.523349 1.785027 1.009941 1.356730 1.414033 1.534643 1.319946 
1.379642 1.668241 1.465256 1.387278 1.085911 1.159442 1.425531 1.221863 
1.444051 1.517615 1.870491 1.689393 1.325676 1.054523 1.349375 1.022785 
1.528255 1.352771 1.914408 1.791227 0.907101 1.329093 1.325455 1.013608 
1.435528 1.495741 1.895304 1.809062 0.960487 1.086478 0.811549 0.820243 
1.302761 1.724626 1.916776 1.618207 0.767907 0.879385 1.635858 1.183611 
1.923985 1.511151 1.299837 0.899725 2.076809 0.774285 1.542119 1.334183 
1.997066 1.727644 1.601175 1.117215 1.238965 1.467579 1.578241 1.026412 
1.234854 1.717709 1.763379 1.184681 0.987993 1.556664 1.473083 1.039635 
2.021602 2.313037 1.890496 2.009554 2.034131 1.223913 1.096417 1.226358 
2.087885 1.945092 1.831654 1.975422 1.940408 1.475842 1.131415 1.585893 
1.606920 1.651869 1.790088 1.688542 1.670271 0.944824 1.218452 1.364423 
1.295541 1.111581 0.812143 1.399421 1.754831 1.153282 1.411022 1.650876 
1.108341 1.545834 0.562595 1.128581 0.951175 1.024765 1.013160 1.720126 
1.003439 1.353923 0.717626 1.076484 0.958982 1.802048 1.410332 1.706272 
1.306639 0.634554 1.159468 1.114839 1.113883 1.684234 1.546065 1.475576 
0.967274 1.159595 1.523950 1.319999 1.570961 1.080460 1.428271 1.697435 
0.836268 0.946298 1.188273 1.440420 1.210573 0.825834 1.698587 1.666735 
1.093056 1.074093 1.819336 1.321646 1.297070 1.109465 1.827376 1.814941 
1.359239 0.759726 1.090070 1.633013 1.158142 1.661631 1.455034 1.536835 
1.335935 1.115985 0.840934 0.976380 1.431665 0.674335 1.678832 1.511141 
1.359420 1.248803 0.792305 1.095340 1.117287 1.160815 1.572723 1.131045 
0.883058 1.462801 1.569991 0.892147 1.745840 1.895142 1.030955 1.518467 
1.060599 1.048990 1.204396 1.542241 1.355592 2.326056 1.874006 1.611605 
1.088032 1.004916 1.250371 1.345278 1.496438 1.409999 1.756947 1.378648 
1.439751 1.674416 1.370126 1.454838 1.601078 1.558841 1.601232 1.581752 
1.051467 1.523231 1.139251 1.069571 1.138415 1.604220 1.346126 1.739060 
1.119802 1.683585 1.327070 1.275833 1.101652 1.357739 1.330370 1.577164 
1.625510 1.541165 1.176679 1.049497 1.236977 1.581870 1.571467 1.695401 
1.545681 1.297591 1.189221 1.467295 1.287449 0.885907 1.388918 1.498710 
1.317590 1.435129 1.730959 1.447608 1.598640 1.632190 1.700464 1.681641 
1.190235 1.210135 1.430830 1.431393 1.306282 1.156896 1.702138 1.389686 
1.304535 1.248341 0.645174 0.887335 1.450983 1.143254 1.142838 1.191368 
1.283597 1.393142 1.302075 0.820679 1.419260 1.514950 1.324940 1.287287 
1.609148 1.531147 0.880621 0.740945 0.814920 1.094515 1.233053 1.711024 
1.500263 1.599498 1.652678 1.216718 0.931748 1.228109 1.520277 1.866262 
1.292896 1.696202 0.752127 0.822484 1.271710 1.871489 1.384253 1.725545 
1.608884 1.031009 1.186490 1.242905 1.568568 1.149829 1.063074 1.130685 
