113 125 18 20 37 41 43 71 
113 124 125 20 25 42 43 68 
125 127 18 20 21 37 38 69 
110 124 126 19 68 70 83 84 
111 126 22 38 39 69 70 85 
110 112 127 128 21 23 40 84 
112 113 128 23 25 40 42 43 
114 115 18 19 26 69 70 73 
110 20 21 27 28 68 72 74 
111 115 116 22 29 69 70 73 
113 117 22 23 29 31 71 75 
27 28 34 72 74 77 78 80 
115 116 29 33 35 73 79 81 
28 30 31 34 36 74 80 82 
122 123 124 125 42 43 77 78 
120 123 128 41 43 81 82 85 
122 123 128 36 40 42 43 82 
1 3 45 51 8 87 91 92 
4 44 45 49 8 87 92 93 
1 2 3 50 51 88 9 91 
3 46 51 52 6 88 9 95 
10 11 46 47 5 52 53 90 
11 46 52 6 7 90 95 97 
44 47 48 49 53 87 92 96 
2 44 48 49 50 7 96 97 
49 55 56 8 92 93 98 99 
12 49 50 56 57 9 93 99 
101 12 14 9 93 94 95 99 
10 100 11 13 52 53 59 60 
101 102 14 61 94 95 96 97 
100 11 14 52 59 61 95 97 
103 105 106 55 56 63 98 99 
101 105 106 13 65 66 98 99 
100 104 107 108 12 14 58 64 
101 102 109 13 60 65 66 67 
101 102 108 14 17 61 66 67 
1 104 105 3 45 62 63 87 
104 105 3 45 46 5 64 65 
109 47 48 5 65 66 67 89 
108 17 48 6 66 67 7 89 
1 109 16 47 62 63 87 90 
103 15 17 2 44 48 67 7 
1 15 16 17 2 62 7 90 
124 19 24 25 42 68 83 86 
126 18 19 37 38 69 70 83 
127 128 21 22 23 38 69 85 
111 22 24 39 41 71 85 86 
111 112 24 25 39 40 42 86 
118 119 19 24 25 26 27 68 
113 119 20 25 27 68 72 75 
114 115 18 20 21 69 72 74 
115 21 22 23 29 31 69 74 
111 116 117 118 22 24 29 71 
114 117 120 123 72 75 76 78 
114 117 118 120 121 26 32 76 
118 119 121 122 26 27 32 77 
119 122 123 27 72 75 77 78 
114 115 34 72 74 76 78 79 
117 120 123 29 31 75 81 82 
116 117 118 120 121 29 35 81 
119 122 123 30 31 36 75 82 
120 123 125 37 41 43 76 78 
120 121 32 37 41 76 83 86 
127 128 34 38 79 81 82 85 
126 33 35 38 39 79 81 85 
126 33 35 36 39 40 80 84 
121 122 35 36 39 40 42 86 
2 4 44 49 50 88 9 93 
10 3 45 46 5 51 52 8 
10 4 45 5 8 89 93 94 
1 11 47 53 87 90 91 92 
12 50 51 54 57 58 9 91 
10 101 13 8 93 94 98 99 
100 12 14 51 52 58 9 95 
11 50 54 57 59 61 91 97 
104 105 54 55 58 62 63 98 
103 106 107 12 15 56 57 99 
104 107 12 15 54 57 58 62 
100 104 105 13 58 64 65 98 
101 106 107 108 12 14 66 99 
100 109 13 16 59 60 64 65 
100 108 14 16 17 59 61 64 
103 105 106 4 44 45 63 87 
106 107 108 4 6 66 88 89 
109 16 46 47 5 64 65 90 
103 109 44 47 48 63 67 87 
18 19 24 37 41 71 83 86 
110 124 125 127 20 21 68 84 
110 111 112 126 39 40 70 84 
113 128 22 23 41 43 71 85 
113 114 117 18 20 71 72 75 
114 117 118 18 19 24 26 71 
110 19 26 27 28 68 70 73 
110 111 112 116 28 30 70 73 
110 112 21 23 28 30 31 74 
111 112 116 118 119 24 25 30 
112 113 119 23 25 30 31 75 
114 115 26 32 33 73 76 79 
26 27 28 32 33 73 77 80 
115 29 31 34 74 79 81 82 
116 28 30 33 35 36 73 80 
116 118 119 121 122 30 35 36 
121 122 124 32 42 77 83 86 
125 127 34 37 38 76 78 79 
126 32 33 37 38 76 79 83 
124 126 32 33 77 80 83 84 
124 125 127 34 77 78 80 84 
127 128 34 36 40 80 82 84 
120 121 35 39 41 81 85 86 
4 6 88 89 9 93 94 95 
10 47 48 5 53 89 94 96 
48 6 7 89 94 95 96 97 
1 11 2 50 7 90 91 97 
51 54 55 58 8 91 92 98 
10 100 13 51 52 58 8 98 
10 101 102 13 53 60 94 96 
11 53 54 55 59 60 91 92 
102 49 53 55 56 60 92 96 
102 49 50 56 57 61 96 97 
109 16 54 55 59 60 62 63 
102 103 109 55 56 60 63 67 
102 103 15 17 56 57 61 67 
15 16 17 54 57 59 61 62 
103 106 107 15 2 4 44 88 
1 104 107 15 2 3 62 88 
105 106 4 45 5 65 66 89 
104 107 108 3 46 6 64 88 
108 16 17 46 6 64 7 90 
