0.374130 0.276789 0.763768 1.207716 0.883294 0.916026 1.549567 1.248154 
0.061816 0.590524 0.877177 1.560642 1.120707 1.140982 1.481240 1.490787 
0.909427 0.792215 0.472832 0.837375 1.141296 0.800230 1.025529 1.175701 
0.438146 0.530159 0.877196 0.490170 1.227333 1.076653 1.113506 1.123083 
0.726096 0.671778 1.222998 1.193507 1.403082 1.187762 1.367973 0.958357 
0.654591 0.331545 0.852148 0.550736 1.165770 1.018445 1.446316 1.249095 
0.186494 0.420045 0.520319 1.555966 1.329171 1.239681 0.716995 1.138756 
0.953831 0.962060 0.763371 0.709147 1.019184 1.212171 0.912152 0.658839 
0.358373 0.925708 1.143134 0.890357 0.427053 1.283105 0.997649 0.932403 
0.889834 0.569699 0.517100 1.136883 1.517664 1.179230 1.235602 0.886316 
0.845689 1.086607 1.097111 0.791122 1.096274 0.754572 1.092393 1.378102 
0.944180 0.189370 0.364422 1.082171 0.845307 1.100529 1.339710 0.640162 
0.825602 0.271658 1.548480 0.565883 0.955255 0.922091 1.092675 1.105158 
0.525342 0.396264 0.978222 0.792031 0.932037 0.846729 0.556355 1.103792 
1.128784 1.213502 0.731422 0.804077 1.004453 1.006185 1.373059 1.421533 
1.372285 1.117306 0.531069 0.962796 1.272025 1.303793 1.211436 1.397263 
0.836472 1.167186 0.555406 0.950184 0.877483 0.917885 1.114016 1.350701 
0.803220 0.672806 1.004020 1.044674 1.251740 1.208328 0.898397 1.073903 
1.101214 1.378447 1.440928 1.549837 1.329033 1.445389 0.662518 0.898786 
1.161162 1.092780 0.951349 1.238881 0.886212 0.116458 1.257948 0.635611 
1.097131 1.015720 0.696650 1.306630 0.864025 0.486239 1.317211 0.596759 
0.785771 1.086986 1.040804 1.556444 0.988041 0.786140 0.781817 0.525920 
1.082834 0.942956 0.970078 0.858228 1.324234 0.562498 0.687975 0.840371 
1.054391 1.608523 1.215327 1.270355 1.222177 1.157193 1.012745 0.508205 
0.290559 0.916516 0.929794 1.279427 1.269646 0.751755 0.553926 1.103895 
1.255132 1.104843 1.084439 1.337010 0.809978 0.667159 1.111574 1.470252 
1.263480 1.499603 1.275122 1.258061 1.225107 0.949772 0.679811 1.112095 
1.240604 1.134650 1.444487 1.113331 1.333540 1.415741 0.852045 1.286384 
0.931990 0.810383 0.851603 1.249548 0.690123 0.802900 0.964593 1.091995 
1.142393 0.849518 1.362727 1.083339 1.354469 0.656627 1.243861 1.091156 
0.777145 1.213293 1.693705 1.195778 1.006719 1.331339 0.710533 0.680775 
1.000305 1.342108 1.471224 1.229509 1.422756 1.809347 1.112547 1.526325 
0.939721 1.474543 1.452427 1.094593 1.327532 1.556152 1.170024 1.833275 
0.835091 1.280422 1.262136 1.099109 1.342694 1.456052 1.404628 1.581674 
1.043146 0.682528 0.794313 1.094796 1.198343 0.993421 1.231151 1.343132 
1.162180 0.649889 0.657672 1.600407 0.944921 1.166472 1.384195 1.246960 
0.788094 0.949510 1.082717 0.865551 1.241799 1.093838 1.564807 0.796007 
1.047447 1.184127 0.876348 1.091461 1.200392 1.013843 1.494908 1.354475 
0.696103 1.429011 1.259048 1.131080 1.228466 1.193704 1.069718 0.467745 
0.798304 0.549724 0.968505 1.083509 1.439358 0.836978 0.805357 0.434847 
0.957236 0.942367 1.241564 1.832171 0.769224 1.560796 1.133084 0.314123 
0.867366 0.699111 0.496654 0.360447 1.309272 0.752500 1.241462 0.189193 
1.053139 0.563644 1.013156 0.555587 0.563505 0.750908 0.473755 0.450603 
0.300238 0.573569 0.674576 0.845536 1.186549 1.042368 0.998525 1.121615 
0.417433 0.328987 0.504544 0.707022 0.756741 0.863417 0.776893 0.760428 
0.379172 1.010343 0.927189 1.026681 0.681688 1.081170 0.870167 0.774177 
0.333210 1.326502 1.145204 1.250481 1.161683 0.852303 0.865615 0.827868 
0.949114 0.378957 1.003075 1.002594 1.220081 0.883039 0.746982 0.859039 
1.193096 0.760336 0.777022 0.942290 1.118345 0.864864 1.196658 0.741615 
0.277450 0.603319 0.833803 1.261407 1.083643 0.542434 1.055543 1.650343 
0.902857 0.775463 0.679479 0.649235 0.545125 1.020506 1.234064 0.992865 
0.634821 0.953904 0.690018 0.537804 0.903563 0.585402 1.242438 1.330215 
0.749159 0.618198 1.137417 1.406269 0.927557 1.179635 1.150673 0.723924 
0.934196 1.454184 1.466225 1.454040 1.502183 1.456778 1.380146 1.339219 
1.072956 1.525431 1.268675 1.496394 1.098992 0.998830 0.739689 1.265194 
1.298962 0.819271 1.206069 1.540103 0.701129 1.086673 0.814172 1.004178 
0.795480 1.288266 1.472256 1.146311 1.136485 1.532730 0.939858 1.439306 
0.831943 0.985975 0.605660 1.188412 0.786759 1.348036 1.032419 1.044430 
1.045428 1.415210 1.348165 1.237081 0.543059 1.157033 1.223256 1.214606 
0.318067 1.304032 1.631767 1.707471 1.304774 1.429502 1.158871 0.799647 
1.174335 1.022675 1.313154 0.205469 0.624350 0.644246 1.325091 0.686212 
1.265786 1.133196 0.492199 0.865812 0.458067 1.032586 1.216244 1.354074 
1.335203 1.054060 0.828747 0.818646 0.725155 1.075045 1.047286 1.182131 
0.555361 0.761870 0.942206 1.147308 0.949094 1.024203 1.164818 0.960146 
0.348125 0.531607 0.667829 1.091143 1.131104 0.806627 1.104629 0.842526 
0.762494 0.626706 0.664768 0.616055 0.896027 1.060975 0.964378 1.164659 
1.264536 0.871361 0.891423 0.588732 0.837245 0.546674 1.061491 0.996783 
0.552167 1.273213 1.105296 0.827650 0.552657 0.345744 1.271783 0.705183 
0.609609 0.706605 0.952681 0.599206 0.652043 0.773008 1.155891 1.038941 
0.646680 1.098401 0.984362 1.022453 0.883671 0.655165 0.964388 1.025797 
1.184897 1.307128 1.376854 0.933064 1.048688 0.463870 0.919087 1.155439 
1.110625 0.949046 1.032273 1.305421 0.812308 1.316537 0.747863 0.805291 
1.011269 1.199207 1.346049 1.212925 1.016567 1.020364 0.756279 1.580212 
0.788111 1.092424 1.174085 0.991111 1.489412 1.114544 0.988860 0.225492 
1.140543 1.478298 1.194465 1.143003 0.843481 1.202764 0.658212 0.435688 
0.866233 1.062449 1.270699 1.036368 1.563475 1.024508 1.345091 1.110924 
0.845774 1.477953 1.100739 1.344214 1.051466 1.061376 0.824621 1.102229 
0.996388 0.903351 1.301156 0.837475 1.131824 1.104497 1.149911 1.064389 
0.949959 0.864945 1.211011 1.099820 1.529170 1.311527 1.100917 0.911187 
0.841872 1.364004 1.271192 0.875925 1.314572 1.253845 1.703493 1.419404 
0.716461 0.808464 0.942599 1.028947 1.172507 0.638198 1.227271 1.239550 
0.636343 0.562636 1.286105 0.944763 0.904266 1.109310 0.772140 1.313339 
0.838399 1.059682 1.347418 1.191107 1.233665 1.184656 1.518970 0.707920 
1.187385 1.466293 0.636840 1.380107 0.919786 1.543142 0.724117 0.311402 
0.589273 1.243340 0.797569 1.111412 0.659017 1.214227 1.028465 0.547098 
0.513414 0.806806 1.365106 1.122704 0.999849 1.662165 1.308055 1.059503 
0.869134 0.935750 1.102697 0.707194 0.814614 0.900071 0.933759 1.245352 
0.262079 0.979774 1.157268 0.835534 0.918704 1.298470 1.406148 1.489861 
0.567397 1.019976 0.645989 0.729815 1.341437 1.155762 1.522540 1.121055 
0.256295 0.725073 1.194051 0.983757 0.671729 1.299439 0.876344 1.204135 
0.310906 1.092668 1.449746 0.888362 0.847635 0.894684 1.481877 1.456315 
0.951855 1.707195 1.141628 1.003868 0.635901 1.245403 0.983203 1.148307 
0.152336 0.618955 0.747650 0.920634 0.755880 1.003568 1.187312 0.706033 
0.405903 1.094639 0.793788 0.621821 0.798036 0.711616 1.214860 0.680042 
0.320243 0.766459 1.039259 0.939217 0.663990 0.449384 0.761670 0.817211 
1.148363 0.583703 1.123606 1.311032 1.124843 1.065927 1.307482 0.942018 
0.474714 0.165282 0.938215 1.079698 1.573725 0.784344 0.730841 1.264821 
0.895325 1.054246 0.980587 0.814113 0.710914 0.463652 1.409801 0.906324 
1.013534 0.952990 0.486738 0.846602 0.934725 0.877416 1.031591 0.758490 
0.814753 1.430651 0.697547 0.784393 1.150943 1.173022 1.181173 1.142058 
0.861426 0.601127 0.481538 0.495823 0.900961 0.788747 0.722746 0.557143 
0.952607 1.741577 1.251083 1.120353 1.281526 0.803965 1.193673 0.963716 
1.176063 1.170491 0.781114 1.040213 1.404156 1.300665 1.334592 1.102515 
0.870864 0.622347 1.000298 0.938904 1.206111 1.332117 1.448137 1.072967 
0.676889 0.915285 0.848708 0.925043 1.196897 1.307610 1.140938 1.129077 
0.662979 0.562851 0.821187 0.694027 1.183371 0.850288 0.952037 0.942127 
0.596760 0.978373 0.906355 0.705779 0.932879 0.992217 0.612257 1.043999 
0.904660 0.763668 0.857886 0.609682 1.016163 0.706956 0.905556 0.838162 
1.465309 1.059276 1.020909 1.211982 0.913659 1.295648 1.123816 1.227360 
1.612131 1.242816 0.427460 0.929261 1.475654 1.141357 1.450180 0.988510 
0.813895 1.062842 1.247428 0.864252 0.879664 0.487500 1.249697 0.789002 
1.244162 0.868357 0.679597 0.758962 1.594292 1.190868 0.869788 0.865779 
1.110460 1.864578 0.552742 1.421982 0.974633 0.739477 1.016678 0.788452 
1.144976 1.295997 1.178982 1.505545 1.313234 0.897049 0.815785 0.997694 
0.746927 0.865941 1.162269 1.254009 1.265819 1.660725 1.413335 1.282766 
0.839631 1.479143 0.859774 0.978868 1.100541 0.838810 1.158257 1.145622 
0.998079 0.861837 1.318010 1.204700 0.937218 1.067482 0.830345 1.147342 
0.891523 1.260758 1.065831 1.037381 1.254011 1.277500 0.651906 0.574279 
0.800793 1.351479 1.168844 1.257858 1.072181 1.573964 0.787641 0.705994 
0.737842 1.003394 1.285480 1.188689 1.105919 1.208085 0.962025 1.505052 
0.464144 0.699134 0.732167 1.167400 1.229095 1.144484 1.538263 1.472652 
0.585660 0.653906 0.883842 0.571432 1.509383 1.216151 1.172792 1.082464 
0.723052 0.844098 0.565057 1.338621 1.229294 1.191806 1.293945 0.846341 
0.923268 1.546653 1.526690 1.065622 0.534198 1.334357 1.194455 0.690666 
0.519943 1.012949 1.560273 0.871156 0.482707 1.049003 0.816585 0.520130 
1.186800 1.300680 1.459273 1.416539 1.030480 1.169456 1.667185 0.486862 
0.893968 1.617791 1.171116 1.085477 0.852071 0.885226 1.261568 0.327933 
1.083972 1.021301 0.743571 1.386554 0.745562 1.512748 0.644649 0.601349 
