30 31 45 46 50 51 81 82 
109 29 30 32 45 48 65 69 
119 30 31 32 45 46 48 88 
128 33 65 69 80 89 90 99 
120 32 48 65 69 70 80 89 
100 33 52 71 80 83 89 90 
100 101 29 30 36 37 81 84 
101 119 30 31 32 34 66 68 
118 119 122 31 66 67 68 99 
102 122 33 35 65 80 85 99 
102 103 120 32 34 65 80 85 
103 119 120 121 123 32 34 68 
119 121 122 123 33 35 68 99 
100 103 120 36 37 80 81 85 
103 120 121 123 124 37 81 82 
102 105 106 122 38 41 67 84 
101 102 106 107 34 38 39 84 
101 104 107 34 39 40 66 68 
104 105 122 40 41 66 67 68 
122 123 126 35 40 41 42 68 
123 124 126 127 35 42 44 86 
104 127 39 45 46 50 51 87 
104 105 127 44 46 47 51 52 
104 105 128 40 41 46 47 88 
106 125 128 41 42 69 89 90 
107 108 126 40 48 49 70 88 
125 42 43 44 52 71 89 90 
108 125 43 50 70 71 87 89 
110 113 2 53 55 57 7 72 
1 112 113 2 3 53 7 8 
1 112 3 54 56 8 9 91 
11 113 12 2 3 5 8 92 
10 111 114 13 4 58 6 94 
11 113 12 17 18 59 8 96 
10 114 116 13 20 21 58 60 
114 14 55 60 7 74 75 97 
112 115 14 15 7 75 76 97 
16 17 61 74 75 77 78 98 
115 17 18 22 61 62 75 77 
117 18 19 20 24 26 59 62 
116 117 16 19 20 24 25 78 
116 117 20 21 25 27 60 79 
27 28 60 74 75 77 97 98 
21 23 27 60 74 79 95 98 
1 2 22 3 53 61 62 77 
1 22 23 24 3 54 62 91 
110 23 24 54 72 78 91 98 
2 26 3 5 61 62 63 92 
111 117 26 64 79 92 93 94 
1 22 28 53 64 73 77 93 
1 22 23 64 79 91 93 94 
23 27 6 72 79 91 94 98 
100 109 29 30 45 50 71 81 
118 119 128 31 46 47 88 99 
100 118 29 36 67 83 84 86 
118 124 31 66 67 82 83 86 
102 118 122 29 65 67 84 99 
121 123 124 33 35 82 83 86 
103 107 108 123 126 34 40 68 
125 35 36 42 43 44 85 86 
106 107 109 38 39 45 48 69 
104 107 39 40 45 46 48 88 
106 107 108 125 48 69 70 89 
108 126 127 49 50 51 70 87 
10 11 110 113 2 4 5 57 
112 115 18 19 56 8 9 95 
16 19 55 56 57 74 9 95 
12 13 18 19 20 59 8 9 
110 2 25 4 5 61 63 78 
26 28 5 63 64 73 92 93 
27 28 53 6 72 73 77 98 
100 109 118 29 47 52 71 83 
100 120 50 70 71 80 81 89 
105 36 38 43 44 67 84 86 
101 36 37 38 39 43 84 87 
103 108 123 124 126 127 37 87 
109 38 39 43 45 50 71 87 
105 106 109 128 38 41 47 69 
126 127 42 44 49 51 52 90 
10 11 114 14 4 5 6 73 
1 112 14 15 53 7 73 93 
1 112 15 56 58 91 93 94 
114 55 56 58 6 72 91 94 
113 16 17 55 57 7 74 75 
10 11 114 116 14 60 96 97 
114 21 55 56 58 60 74 95 
115 22 28 64 75 76 77 97 
111 117 24 26 3 54 62 92 
25 27 28 4 5 6 63 73 
111 117 25 27 4 6 79 94 
118 31 46 47 51 52 82 83 
119 120 121 32 48 49 70 88 
120 121 49 50 51 70 81 82 
121 33 49 51 52 82 83 90 
104 105 124 127 44 66 67 86 
102 103 106 107 108 125 34 85 
103 108 125 36 37 43 85 87 
105 109 38 43 44 47 52 71 
10 110 111 13 4 54 57 9 
114 14 53 55 6 7 72 73 
112 113 115 17 18 7 75 8 
10 11 113 116 16 17 57 96 
11 12 14 15 59 76 96 97 
115 18 19 22 23 24 62 95 
16 19 23 24 74 78 95 98 
116 16 17 25 61 63 78 96 
17 18 26 59 61 62 63 96 
26 28 59 63 64 76 96 97 
110 2 53 61 72 77 78 98 
109 118 128 29 47 65 69 99 
119 121 128 33 49 88 90 99 
101 124 30 31 37 66 81 82 
101 102 29 30 32 34 65 84 
100 33 35 36 80 83 85 86 
101 104 124 127 37 39 66 87 
102 106 122 125 35 41 42 85 
126 128 40 41 42 49 88 90 
110 54 55 56 57 72 9 91 
111 12 13 3 54 8 9 92 
11 12 14 15 5 73 92 93 
111 12 13 15 58 92 93 94 
10 116 13 16 19 20 57 9 
12 13 15 20 21 58 59 76 
112 115 15 21 56 58 76 95 
116 25 27 28 60 63 96 97 
117 20 21 26 59 64 76 79 
115 21 22 23 64 76 79 95 
110 111 117 24 25 4 54 78 
