0.880054 0.459615 0.344005 0.229861 0.697617 0.495619 1.334902 0.833079 
1.078135 1.080663 0.853977 0.765546 0.728107 0.327113 0.732577 1.068493 
1.157112 0.391115 0.395964 0.692279 0.312563 0.591806 0.419355 1.278385 
1.668102 0.964241 1.088894 0.739748 1.345328 1.166484 1.116176 0.881792 
1.209700 0.960325 0.763476 0.536175 0.891264 0.563046 1.366803 1.668385 
0.979707 0.946368 0.838795 0.632324 1.340612 0.897974 1.170570 1.051879 
0.987236 0.665291 1.154196 1.209075 0.807828 1.018680 0.950162 1.189009 
1.173487 1.001223 0.613166 0.720646 0.702126 1.064571 0.986866 0.702820 
1.441907 1.186106 1.932464 1.029001 0.936671 0.787168 0.410835 1.076149 
0.910238 1.628942 0.901759 0.617847 1.108108 1.339863 0.931992 0.993474 
0.958833 0.604207 1.052623 0.812539 1.038275 0.680291 1.359785 1.175754 
0.515532 1.118175 1.233212 0.737504 1.565233 0.761727 1.082058 0.490342 
1.462137 0.973504 1.429350 1.239317 1.097856 0.767177 0.416658 0.726729 
0.508489 0.525384 1.391846 0.786640 1.189041 1.560503 0.792987 0.976311 
0.227217 1.502517 1.083067 1.487283 1.187918 1.245226 0.889243 1.068672 
1.032275 0.650617 0.635906 1.759735 1.223744 1.524990 0.642361 1.388457 
0.700270 0.795067 1.099828 0.309364 1.375854 1.071851 1.185610 0.912325 
0.852975 0.863495 0.291969 1.611663 1.384000 1.607726 0.874225 0.894137 
1.071299 0.722415 1.561420 0.727846 1.106750 1.408048 0.783152 0.574014 
1.127716 1.181540 1.093707 0.560286 0.888459 0.953662 0.640551 0.551319 
0.969470 1.586081 0.854494 1.290356 0.786575 0.769574 0.756285 0.987204 
0.664094 1.367059 1.046194 0.485047 0.511090 0.636988 0.317402 1.173677 
0.574332 0.885106 1.134875 0.840008 0.547338 0.923538 0.372522 0.683082 
0.784570 0.415759 1.567498 0.857381 1.278721 0.984541 1.018022 0.930819 
0.895628 0.956358 1.418783 1.195476 0.735471 0.929170 1.317158 0.778966 
0.634915 1.078766 1.390579 1.053741 1.165626 0.924749 0.669888 0.820661 
0.691396 0.989249 0.942955 0.658794 0.725702 0.478411 1.019936 0.840590 
1.071627 1.088900 0.833573 1.219314 0.652779 0.296694 1.155330 1.564124 
1.403930 0.787611 0.820954 0.259946 0.931548 0.703622 1.108227 1.603509 
1.253122 0.991788 0.681779 0.620618 0.743138 0.125952 1.189455 0.331891 
0.950045 1.273601 0.866557 0.809239 1.287825 0.556731 1.033476 1.411366 
0.624533 0.725095 0.737044 0.406587 0.919911 0.757256 0.295250 0.668682 
0.672703 1.735204 1.380982 1.035095 0.737587 1.079904 0.883229 1.385865 
0.694088 0.745200 0.901194 0.825575 0.673489 0.645145 0.501514 0.663780 
0.552335 1.834250 1.280336 0.867545 0.879006 1.437781 1.053682 0.954373 
1.907984 0.990328 0.786058 1.202014 0.926659 1.536247 1.062677 0.738528 
1.270798 1.180930 0.867210 1.307330 0.611993 1.035616 1.440169 0.728967 
0.640965 0.602150 0.220343 0.925622 0.888534 1.127636 1.182144 0.455715 
1.105965 0.855363 0.665856 1.070895 0.194487 0.708970 0.963323 0.969813 
1.056682 0.900722 0.177183 1.098163 0.748390 1.141328 0.376579 0.682593 
0.917122 0.844004 0.663234 0.126517 0.733800 0.740515 0.922318 0.893656 
1.039434 1.183977 0.809868 1.271377 0.853001 1.159016 0.687125 1.193917 
1.472403 1.087539 0.900651 1.344689 1.323057 1.234448 0.900236 0.306767 
1.684852 1.285544 1.255326 0.799278 1.788926 1.106387 0.509348 0.345893 
1.141226 0.918900 0.995651 1.089948 0.218971 0.674528 0.265345 1.371568 
0.955979 0.949687 1.010245 1.280123 1.298086 0.867088 0.255603 1.000004 
1.155223 1.009488 0.936229 0.770420 1.360755 0.974220 1.089415 0.489627 
0.495957 1.706028 1.174791 1.088212 0.700266 0.423216 0.726547 0.848501 
1.722210 1.434362 1.137210 0.743079 1.559947 1.279995 1.709732 1.260755 
1.178945 0.831698 1.312860 0.315715 0.728540 1.402508 1.016981 1.276099 
1.226097 0.761502 0.839704 0.611804 1.557182 1.068914 1.410199 1.645193 
1.032821 1.226169 1.120496 1.348919 1.169775 1.230498 1.288919 0.226067 
1.019077 0.791635 1.009831 0.858466 0.524956 0.901247 1.218101 0.923152 
0.916814 1.061230 1.533739 0.723741 0.562060 0.816218 0.631277 0.989604 
0.549488 1.422256 1.147798 0.865748 0.903104 1.246487 1.216062 1.120709 
1.041361 1.593804 0.834582 0.582618 0.716029 0.706851 1.176411 1.126566 
0.785913 1.332349 2.052384 1.256513 1.159588 0.815028 1.587666 1.199622 
0.832240 0.906095 1.275722 0.847922 0.696291 0.948844 1.098438 0.766958 
1.024224 0.556253 0.952051 1.585171 1.370457 1.722562 1.255659 0.468344 
0.920857 0.878008 1.030086 0.852484 0.665425 0.532476 1.016548 0.599794 
1.181539 0.547509 0.639307 1.151871 1.058662 0.910517 0.990822 1.105393 
0.562647 0.344662 1.440445 1.399827 0.560235 0.664726 0.763800 0.552050 
1.342756 0.603840 1.026579 1.211484 1.069230 0.854620 0.409185 1.362537 
0.712811 1.409424 1.123729 0.986643 0.965118 0.586212 0.551300 1.001296 
0.924329 0.688157 1.228184 0.904925 0.564924 0.947865 0.607614 0.474463 
1.155683 1.377952 0.396419 0.958116 1.023911 0.800544 1.000984 0.879443 
0.764457 0.698136 1.187334 1.549390 0.593685 1.518469 1.104449 1.041646 
1.056280 0.866717 0.655895 0.570374 1.247499 0.121401 0.851180 0.778436 
1.193899 1.023794 1.293393 0.789071 1.053761 0.591725 0.281932 1.018890 
1.586914 1.361199 1.205130 0.423708 0.974261 0.907901 0.953284 1.498804 
1.092922 0.688441 0.782222 0.932746 1.321970 1.019873 1.065289 0.359883 
0.877880 0.617001 0.882325 1.227265 0.931895 0.735262 0.680888 0.775994 
0.681484 1.366944 1.269629 0.047737 0.733590 1.316668 1.334979 1.340785 
0.825865 0.932562 0.824485 0.638137 1.087408 0.678729 1.016165 1.032207 
0.774759 0.658125 1.158736 0.827846 0.754603 0.648695 0.838288 1.020048 
0.592477 0.747424 1.175404 0.736730 1.445841 1.061000 1.247326 1.207880 
0.974149 1.099031 0.774617 0.656162 0.720753 0.707777 0.570141 0.643477 
0.297874 0.638105 0.942926 1.220926 1.584692 1.496576 1.122499 1.066187 
0.999836 0.979687 0.658246 0.140076 0.796773 0.546815 0.370164 0.922404 
0.682154 0.728271 1.236327 1.019738 0.681569 0.785498 0.835265 0.878594 
1.589718 0.744148 0.731392 1.180266 0.197509 0.888525 1.281907 0.959783 
1.324490 1.089905 1.506946 1.180890 1.444553 1.253625 1.006215 1.836946 
1.589110 0.962499 1.332196 1.284071 0.820399 1.092553 1.435244 1.105633 
1.004608 0.647598 0.320574 0.607474 0.597467 0.817584 1.033972 0.731606 
0.617970 0.845040 1.132635 1.472938 0.859157 0.779806 0.646328 1.038528 
1.796558 1.700503 1.026013 1.665234 1.229333 0.621622 1.601904 0.527362 
0.812651 1.005339 0.932566 0.487497 1.054070 1.455819 0.697030 0.758035 
1.730069 1.541155 1.078922 1.190161 1.854262 0.908043 0.184868 0.857498 
1.153262 1.026858 1.262352 0.692498 1.235567 0.869080 0.294246 1.101097 
1.365622 1.264876 0.628077 0.763130 0.531757 0.768469 1.186906 0.983396 
1.192939 0.922466 0.380732 0.790404 0.397757 0.640195 0.725806 1.217499 
0.972262 1.364906 1.012496 0.871718 0.581320 1.090831 0.220678 0.632560 
1.370729 0.985697 1.196887 0.888105 0.690751 0.359779 0.844072 0.586175 
1.236736 0.981675 0.705135 0.728806 0.612667 1.095496 0.766724 0.902113 
1.017141 0.971100 1.543790 1.195546 0.660920 1.344393 1.069264 0.928893 
0.554031 0.979466 1.318020 0.555485 1.209205 1.422665 1.474049 1.198447 
0.836250 0.674343 1.314155 0.676520 1.181101 0.652145 1.090182 1.071585 
0.733260 0.908177 1.394752 0.853964 0.813654 1.234012 0.810581 0.882020 
0.836560 1.334536 1.313476 0.797825 0.701964 1.039072 0.532468 0.881929 
1.520290 0.935885 0.641971 0.694950 1.249243 1.257459 1.597652 1.062332 
1.030323 0.710547 1.186264 0.505639 0.173624 0.644512 1.008734 0.712673 
1.071055 1.184319 1.164613 1.644913 0.936702 0.865573 0.513073 0.411918 
0.857874 1.016239 0.949739 1.131983 0.583098 1.377651 0.779152 1.196042 
1.223422 0.449419 0.708279 1.034840 0.975135 1.010980 0.114679 0.700770 
0.641688 0.530586 1.259656 0.750313 1.481227 0.548399 0.776148 0.296373 
1.127108 0.455015 0.909637 1.183994 0.559565 0.651163 0.655231 0.887180 
0.838764 0.550945 1.602521 0.552747 0.644801 0.486003 0.667362 0.860813 
1.572063 1.368662 0.519206 0.625614 0.774104 1.558920 1.066884 1.092114 
1.133040 1.111463 0.455820 0.315155 1.392350 1.509078 1.106413 0.465592 
0.516213 0.936428 1.658031 1.211862 0.937617 0.986679 0.798811 1.192005 
1.477966 0.727047 1.418101 1.001771 0.747620 0.678695 0.897210 0.426916 
0.756311 1.195387 0.710812 0.778346 1.216834 0.750209 0.494133 0.590302 
0.652650 0.721120 0.726496 0.646016 0.797340 0.959726 0.789653 1.200129 
0.412034 0.749808 0.960970 0.962096 0.940156 0.926662 0.557891 0.836820 
0.932000 0.711517 1.244017 1.325370 1.155915 0.830591 0.985089 0.793985 
0.799675 0.525451 0.909511 1.013394 0.666308 0.911735 0.626567 1.071410 
0.862465 1.192928 0.529250 0.719621 0.627987 0.626767 0.673409 0.968261 
0.936914 0.814611 1.017328 1.180981 0.467153 1.193931 1.110941 1.359114 
1.929574 0.874028 1.089628 1.180221 0.686055 0.458732 0.728354 0.559150 
0.562457 0.889873 0.925007 1.383198 0.657078 0.910042 0.864288 1.207061 
1.418728 0.709016 0.847211 1.319841 0.994940 0.903949 1.196485 1.594916 
0.798664 0.751078 0.796003 0.629173 0.382881 0.755393 0.591830 1.062151 
1.209872 0.880213 1.455870 1.064625 1.201770 0.769113 0.339460 1.264788 
1.161913 1.165768 1.153043 1.649087 1.467826 1.140443 0.852236 0.547425 
1.384437 0.986058 0.846911 0.928209 0.693771 0.327388 0.815644 1.220217 
1.035608 0.890887 0.957227 1.029619 0.151033 0.610941 1.422249 1.108754 
1.283177 1.408875 1.045321 0.873459 0.365583 1.196763 1.196254 0.242919 
1.117491 1.531862 1.154819 0.779080 0.878733 0.761456 0.827791 0.460898 
