11 116 117 126 127 3 77 86 
107 110 111 114 121 124 125 128 
1 10 25 27 28 37 38 41 
13 19 25 28 38 39 41 9 
52 55 56 59 67 69 70 73 
13 19 25 28 63 66 67 69 
115 116 125 126 17 77 85 86 
119 120 123 124 79 80 83 84 
12 17 4 85 87 88 91 98 
21 22 3 77 79 89 90 92 
1 25 34 35 37 38 48 49 
38 46 49 50 51 60 62 9 
115 125 128 17 4 6 85 87 
100 101 111 112 88 89 98 99 
101 102 112 113 23 89 90 99 
100 101 104 105 115 116 118 24 
13 19 26 36 39 40 7 9 
39 40 42 43 52 53 56 57 
115 118 120 17 4 6 78 80 
108 109 112 113 23 95 96 99 
10 26 27 30 31 40 43 44 
10 41 44 45 54 55 58 59 
15 20 37 38 48 49 51 62 
16 26 27 30 31 68 71 72 
11 117 127 128 3 4 6 87 
115 116 118 17 21 24 77 78 
116 117 119 21 24 3 77 79 
117 119 120 3 4 6 79 80 
118 120 121 124 78 80 81 84 
118 121 122 21 24 78 81 82 
119 122 123 21 24 79 82 83 
121 124 125 128 81 84 85 87 
121 122 125 126 81 82 85 86 
11 122 123 126 127 82 83 86 
11 123 124 127 128 83 84 87 
17 77 85 86 88 89 98 99 
11 23 3 77 86 89 90 99 
11 12 23 3 4 87 90 91 
17 18 4 78 80 88 91 93 
17 18 21 77 78 88 89 92 
22 3 4 79 80 90 91 93 
18 78 80 81 84 93 94 97 
18 21 78 81 82 92 94 95 
21 22 79 82 83 92 95 96 
22 79 80 83 84 93 96 97 
12 81 84 85 87 94 97 98 
81 82 85 86 94 95 98 99 
11 23 82 83 86 95 96 99 
11 12 23 83 84 87 96 97 
100 103 111 114 12 88 91 98 
102 103 113 114 12 23 90 91 
100 103 104 18 5 88 91 93 
100 101 104 105 18 88 89 92 
101 102 105 106 22 89 90 92 
102 103 106 22 5 90 91 93 
104 107 110 18 5 93 94 97 
104 105 107 108 18 92 94 95 
105 106 108 109 22 92 95 96 
106 109 110 22 5 93 96 97 
107 110 111 114 12 94 97 98 
107 108 111 112 94 95 98 99 
109 110 113 114 12 23 96 97 
100 103 111 114 115 125 128 6 
100 101 111 112 115 116 125 126 
101 102 112 113 116 117 126 127 
102 103 113 114 117 127 128 6 
100 103 104 115 118 120 5 6 
101 102 105 106 116 117 119 24 
102 103 106 117 119 120 5 6 
104 107 110 118 120 121 124 5 
104 105 107 108 118 121 122 24 
105 106 108 109 119 122 123 24 
106 109 110 119 120 123 124 5 
107 108 111 112 121 122 125 126 
108 109 112 113 122 123 126 127 
109 110 113 114 123 124 127 128 
1 10 26 27 36 37 40 7 
19 26 29 30 39 40 42 43 
10 27 28 31 41 44 45 8 
19 28 29 39 41 42 45 8 
29 30 32 33 42 43 46 47 
30 31 33 34 43 44 47 48 
31 34 35 44 45 48 49 8 
29 32 35 42 45 46 49 8 
13 32 33 36 46 47 7 9 
1 33 34 36 37 47 48 7 
13 25 32 35 38 46 49 9 
14 36 39 40 50 52 53 9 
10 14 15 36 37 40 53 54 
10 15 37 38 41 51 54 55 
38 39 41 50 51 52 55 9 
10 40 43 44 53 54 57 58 
39 41 42 45 52 55 56 59 
42 43 46 47 56 57 60 61 
20 43 44 47 48 57 58 61 
20 44 45 48 49 58 59 62 
42 45 46 49 56 59 60 62 
14 36 46 47 50 60 61 9 
14 15 20 36 37 47 48 61 
14 16 50 52 53 63 64 67 
14 15 16 53 54 64 65 68 
15 51 54 55 65 66 68 69 
50 51 52 55 63 66 67 69 
16 52 53 56 57 67 70 71 
16 53 54 57 58 68 71 72 
54 55 58 59 68 69 72 73 
2 56 57 60 61 70 71 74 
20 57 58 61 71 72 74 75 
20 58 59 62 72 73 75 76 
2 56 59 60 62 70 73 76 
14 2 50 60 61 63 64 74 
14 15 20 61 64 65 74 75 
15 20 51 62 65 66 75 76 
2 50 51 60 62 63 66 76 
13 16 19 26 63 64 67 7 
1 16 26 27 64 65 68 7 
1 25 27 28 65 66 68 69 
16 19 26 29 30 67 70 71 
27 28 31 68 69 72 73 8 
19 28 29 67 69 70 73 8 
2 29 30 32 33 70 71 74 
30 31 33 34 71 72 74 75 
31 34 35 72 73 75 76 8 
2 29 32 35 70 73 76 8 
13 2 32 33 63 64 7 74 
1 33 34 64 65 7 74 75 
1 25 34 35 65 66 75 76 
13 2 25 32 35 63 66 76 
