1.370967 1.918663 1.837207 1.746507 2.005034 1.663150 1.847536 2.099445 
1.966572 2.059502 1.846262 1.974667 1.913940 1.853164 1.789770 1.921830 
1.548932 1.312932 1.850694 1.840314 1.985735 1.991395 1.695885 1.846206 
2.123930 1.450998 1.748299 2.104756 1.657809 2.250826 1.813458 1.289884 
1.778096 1.755281 1.798014 1.779926 2.096868 2.029125 1.946130 2.049265 
1.893701 1.446794 1.826440 2.184283 1.838412 1.803245 2.132852 1.812302 
1.862787 1.891524 1.883520 1.694681 1.641007 2.019272 1.728172 1.833190 
2.039200 1.906286 1.846111 1.959772 2.164252 1.867172 2.005600 1.871888 
1.502649 1.552333 1.491430 1.721777 2.180647 1.864459 2.053632 1.991042 
1.644286 1.576862 1.651605 2.002271 2.114237 1.694292 1.973378 2.189012 
1.391777 1.732622 1.702743 1.844043 1.702751 1.750161 1.955990 1.797043 
2.048653 1.971054 1.709279 1.957121 1.815532 1.798026 1.956458 1.332537 
1.923786 1.857685 1.760822 1.803006 1.651164 1.493910 1.982143 1.918022 
1.921484 1.856443 2.063309 1.818626 1.905166 1.850193 1.928253 1.929939 
1.750035 1.874498 1.761352 2.066860 1.826442 1.679705 2.118675 2.042382 
1.932024 1.807895 2.022796 2.050961 1.708307 2.069613 2.098884 1.732290 
2.344100 1.560213 2.107924 2.350012 2.220602 1.793512 1.601641 1.283656 
2.127054 1.945086 1.879023 1.882338 1.937419 1.935327 1.954997 1.942312 
1.781408 1.931618 1.778337 1.561225 1.452635 1.537021 2.016372 1.708282 
1.875791 1.925902 1.744085 2.101278 1.801699 1.858170 2.269212 2.001511 
1.369931 2.007701 2.261164 1.885209 1.936537 1.960479 1.728097 1.934749 
1.442918 2.182571 2.039655 1.963317 2.085195 1.850606 1.946760 1.995998 
1.718316 1.479062 1.888799 2.071651 2.004426 1.811376 1.821810 2.024314 
1.604978 2.045937 2.062914 1.883073 1.900486 1.833776 1.864427 1.770175 
1.364730 1.662780 2.005220 1.798074 1.636605 1.298700 1.430417 2.017328 
1.943119 2.102652 1.964556 1.606133 1.613525 1.704364 2.090332 2.004243 
1.741609 1.729559 1.820545 1.909196 1.731205 1.576793 1.789057 1.946023 
1.844829 1.951203 1.936066 1.423041 1.341519 1.468821 1.881698 1.946751 
1.905249 2.092876 1.955300 2.029066 1.951397 1.977638 1.906929 1.934154 
1.988279 2.007048 2.087852 1.770645 1.872554 2.044088 1.908834 2.144969 
2.153714 1.983247 1.872879 1.691963 1.734558 2.165308 2.062263 2.003072 
1.938953 1.807380 1.771172 2.042535 2.001096 1.924826 1.763774 2.122745 
2.022097 2.039918 1.986618 1.993794 1.953200 2.034486 1.778680 2.012170 
1.584720 2.024780 1.805494 1.679360 2.192028 2.053120 2.073999 1.944244 
1.593376 1.864531 2.012340 2.107423 1.869205 2.126109 1.921835 2.120845 
1.725022 2.043244 1.989929 2.006498 1.961571 1.700091 1.865567 1.746040 
1.443389 1.724983 1.817950 1.720467 1.877660 1.833984 2.159474 1.765582 
1.516237 1.616184 1.914823 1.542187 1.331458 2.142936 1.727525 2.066982 
1.603698 1.566084 1.655869 1.948841 1.688420 1.936261 1.925411 1.936744 
1.503075 1.604735 1.700490 2.166525 2.050926 1.804317 1.739334 2.134959 
1.616022 1.613013 1.321124 2.014684 1.588790 2.107961 1.766784 2.106850 
1.752860 2.005662 1.895995 1.996630 1.943036 2.192997 1.985932 2.082708 
1.703681 1.600818 2.120691 1.876575 2.141312 2.106446 1.940853 1.845609 
1.655679 1.641901 2.272446 2.113566 1.828142 2.310705 1.692602 2.116458 
1.463556 2.150039 1.878352 2.060068 1.961790 2.090575 2.170404 1.910607 
1.533843 1.887102 1.743342 1.733095 2.320594 1.842427 2.120114 2.091661 
1.960059 2.066233 1.724558 1.938770 2.027183 1.892878 1.896574 1.865919 
1.734553 1.879374 1.875548 1.993619 1.957750 1.878524 2.215834 1.893589 
1.812215 1.543693 1.903005 1.940808 1.639589 2.239406 2.128079 2.148329 
1.846012 1.961109 1.858240 2.162993 1.535507 1.882423 2.224323 2.081576 
1.888917 1.971021 1.919536 2.192103 1.565553 1.803267 2.276622 2.076657 
1.865194 2.030788 1.798990 1.674150 1.539354 1.826589 2.002780 1.958423 
1.886722 1.826520 2.011283 1.973617 1.686731 1.822793 1.764456 2.000459 
1.751044 1.830082 1.806099 2.123563 1.615175 1.783570 2.209243 2.204396 
1.889821 1.938168 1.943705 1.470436 1.459096 2.070411 2.035188 2.006091 
1.829252 2.005971 1.983436 1.644951 1.502988 1.931773 1.943420 2.005489 
1.923908 1.926162 2.034968 1.882289 1.657338 2.117546 1.928055 1.861463 
1.846256 2.142918 1.947231 1.897158 1.487015 2.040404 1.873922 2.231436 
2.015009 1.798214 1.988036 1.528701 1.433953 1.973510 2.123229 1.979693 
1.882249 1.986696 1.833262 2.109890 1.476826 1.943551 2.146474 1.950951 
2.008956 1.936975 1.932454 1.815658 1.920857 1.881173 1.839920 1.885555 
1.899317 1.937951 1.952778 2.056002 1.491579 1.897846 2.172336 2.029253 
1.887086 1.981750 1.794759 1.924861 1.689616 1.721916 1.818973 1.498142 
1.870924 1.776462 1.871773 1.656453 1.886507 2.022241 1.962783 1.923247 
1.777228 1.896606 1.736444 1.838033 1.710081 2.023932 1.673528 2.014263 
1.852213 1.961910 1.889164 2.055503 1.962318 2.023521 1.856628 1.461446 
1.835025 1.761955 1.771067 1.685338 1.913365 1.670210 1.461283 1.559501 
1.801987 1.886707 2.084249 2.084818 2.116743 2.123094 2.123429 1.692026 
1.809811 1.809352 1.841349 1.915602 1.826317 1.673944 1.550596 1.407372 
1.802530 1.863327 1.798481 1.868614 1.776159 1.865560 1.757047 1.495591 
1.966645 2.060546 2.066234 1.875590 2.122336 1.982651 2.150981 1.699491 
2.058152 2.138095 1.810173 1.915260 2.013635 2.153995 1.785245 1.674411 
1.803528 1.776578 1.869417 1.958953 1.805457 1.882713 1.972542 1.445878 
1.950844 1.860072 1.795746 1.677296 1.872131 1.994404 1.647224 1.774205 
1.912289 1.983163 1.813627 1.920405 1.929590 1.776209 1.757200 2.004046 
1.844341 2.017499 1.792943 1.939187 1.769342 1.683200 2.064762 1.870593 
1.486423 1.291942 2.059101 1.794807 2.123495 1.606594 2.016365 1.449525 
1.664682 2.072827 2.068758 1.820124 2.121952 2.000601 1.725606 1.911467 
1.263902 1.827502 2.090099 1.874475 1.900906 1.987257 1.933748 1.403176 
1.490655 2.528137 2.243905 2.010446 1.847973 1.764796 2.035047 1.523308 
2.106035 1.766976 1.927987 2.043792 1.798180 1.749045 1.927003 1.855962 
1.874519 1.948664 1.996778 1.838492 1.885457 2.005812 1.833798 1.811494 
1.902558 1.871976 2.082338 1.732991 2.033814 1.942178 1.634656 1.446331 
2.196133 1.914513 2.056710 1.807521 2.114191 1.846199 1.512093 1.485926 
2.338950 1.868900 2.047658 2.430030 1.951382 1.798847 1.503714 1.371421 
1.761463 2.025414 1.780568 2.190864 1.867907 1.757324 1.944659 1.365810 
1.783488 1.860519 1.709693 1.852962 1.911684 2.020689 1.709148 1.256333 
1.709534 2.319754 2.287506 1.932069 1.997252 1.869198 1.823941 1.426542 
1.374145 1.718115 1.708761 2.143683 2.083455 1.952569 1.851012 2.032048 
1.153651 1.671895 1.962604 1.571664 2.035757 1.901492 2.011429 1.799856 
1.990536 1.995190 1.773723 2.057714 1.780941 1.763924 1.843934 1.309546 
1.450963 1.957208 1.769778 2.122065 1.695954 2.061809 1.868100 1.871755 
1.994813 2.101654 1.797829 1.983315 1.707859 1.803130 1.726976 1.823572 
1.769943 1.795789 1.864760 1.905515 1.917760 1.870225 1.878105 2.030026 
1.516941 1.816060 1.811085 1.886723 2.040721 1.919143 2.012237 2.105853 
1.533589 1.839567 1.962412 1.982654 1.640191 1.974365 1.872425 1.941457 
1.741880 1.857637 2.017600 1.815462 1.854985 1.883912 1.956183 1.953396 
1.618683 2.102675 2.106956 1.767871 2.075926 1.878470 1.942053 1.424022 
1.677787 1.883084 1.615658 2.067304 1.892726 1.821372 2.017395 2.071844 
1.635926 1.592382 1.879333 1.826009 1.806077 1.992160 2.072562 2.197594 
1.698103 1.739747 1.654083 1.891532 1.977969 2.123756 1.991836 1.880752 
1.753637 1.816590 1.934866 1.921991 1.990203 1.973040 1.843608 2.028018 
1.774900 1.655354 1.772178 1.727416 1.867380 1.839480 1.905092 1.784428 
1.639419 1.677426 1.848265 1.753459 1.815922 2.051258 1.889325 1.838082 
1.689999 1.866294 1.860737 1.874117 1.874635 1.990653 1.987606 1.926903 
1.979061 1.726080 1.972207 1.850577 1.792410 1.810334 1.807618 1.907491 
1.470790 1.812526 1.808678 1.648350 1.949667 1.832133 1.819308 1.846143 
1.499946 1.948362 2.093482 2.169701 1.920591 1.796654 2.047032 2.173384 
1.523333 1.973003 1.880298 2.001311 1.831168 2.126961 2.173828 1.958958 
1.525505 1.749897 1.809218 1.713243 1.779058 1.727459 1.958902 1.871262 
1.731251 1.518640 1.848814 1.757385 2.031336 1.857203 2.030708 1.849066 
1.754281 1.790817 1.497134 2.161919 2.063014 2.010246 1.978021 2.188365 
1.787267 1.630895 1.775653 1.986163 1.859084 1.938393 2.042479 1.838938 
1.479716 1.978826 1.878803 1.859433 1.919979 1.812679 1.935321 1.815774 
2.127512 1.454042 1.486293 2.119668 1.806318 2.099772 2.059536 1.503561 
1.524208 1.602473 2.105047 1.780890 2.060431 1.616517 1.887343 1.370288 
1.382470 1.571588 1.642584 2.084775 1.804026 1.770522 1.767341 1.821259 
1.655622 1.565950 2.018175 2.007657 1.749787 2.164646 1.926437 1.964778 
1.885043 2.331127 2.034392 1.907757 1.871726 1.760392 2.140045 1.441345 
1.400937 2.356074 2.197769 1.923976 1.759660 1.836518 2.026260 1.398227 
1.468208 2.026245 1.736939 1.737247 1.984608 1.892055 1.793640 1.825347 
1.793494 1.845552 1.978287 1.786229 1.937529 1.882372 1.923474 1.932584 
1.942602 1.774193 1.991353 1.720844 2.252679 1.986453 1.903537 1.444061 
1.447606 2.131296 1.636413 1.987471 1.814705 2.190685 1.665577 1.411610 
2.050561 1.456308 1.671340 2.050378 1.785119 2.122914 1.473554 1.701809 
1.551980 2.165922 1.674684 2.191913 1.809539 1.391573 1.937152 1.994070 
1.532029 1.975454 1.892918 1.966209 1.855739 1.893162 1.946543 1.931246 
1.880150 1.491428 1.860153 1.848421 1.820212 1.788456 1.818111 1.828845 
