117 125 46 47 59 63 82 95 
18 20 52 63 64 82 92 94 
116 117 18 63 82 92 93 95 
128 19 20 21 52 64 94 96 
117 21 22 26 47 48 54 84 
118 119 22 46 47 49 50 83 
121 28 31 54 84 85 88 91 
118 119 122 22 27 55 56 83 
118 119 120 122 123 56 86 90 
23 24 25 29 53 57 58 89 
120 123 124 26 30 86 87 90 
120 26 29 30 31 53 54 90 
121 126 127 28 31 64 91 96 
121 126 127 28 32 57 62 89 
122 128 29 32 57 61 90 93 
128 29 31 58 64 91 94 96 
101 35 36 37 66 68 74 98 
102 2 3 38 39 68 69 74 
101 35 4 40 41 70 71 75 
101 2 35 39 4 41 68 74 
33 4 40 41 5 71 73 97 
100 103 42 5 6 72 77 8 
10 100 101 106 37 75 77 78 
10 101 104 105 36 37 74 78 
10 101 105 107 39 41 74 79 
102 103 11 12 40 42 5 72 
103 104 108 110 111 43 76 8 
109 13 14 42 44 7 77 78 
10 106 115 12 15 16 79 80 
103 108 109 11 115 12 42 45 
109 115 12 13 16 42 7 79 
14 15 34 35 44 70 80 98 
117 126 21 47 48 59 95 96 
126 32 47 48 50 51 59 61 
128 17 19 20 32 51 62 94 
118 17 24 46 49 81 83 85 
17 23 24 48 51 81 84 85 
116 118 119 120 18 49 50 86 
18 20 25 52 82 86 87 88 
116 117 120 19 21 26 53 54 
19 20 21 25 52 53 54 88 
22 26 28 30 31 54 55 84 
121 124 125 127 27 63 64 91 
122 126 28 32 55 57 59 61 
123 124 30 63 90 92 93 95 
1 36 6 65 66 67 72 99 
1 100 33 34 5 6 67 72 
100 33 34 37 5 73 97 98 
36 38 6 66 67 68 69 74 
100 34 38 6 67 69 70 75 
100 101 34 35 37 70 75 98 
2 39 4 41 65 73 97 99 
10 101 106 12 40 41 75 79 
12 40 41 42 5 7 73 79 
103 108 109 111 42 44 77 8 
104 105 110 111 112 113 8 9 
10 106 14 15 44 77 78 80 
10 105 107 112 114 16 79 80 
1 108 109 111 33 34 44 67 
110 111 112 113 66 67 68 69 
111 113 15 34 44 67 69 70 
110 112 14 35 66 68 80 98 
1 108 114 2 3 43 45 65 
114 13 16 2 4 43 65 97 
125 127 46 52 63 64 81 82 
125 127 17 46 49 60 62 81 
125 46 47 49 50 59 60 61 
17 18 20 49 60 62 92 94 
116 18 49 50 60 61 92 93 
116 128 19 32 50 51 61 93 
116 117 128 19 21 93 95 96 
117 22 26 46 47 82 83 87 
21 48 52 54 81 84 85 88 
118 17 18 20 24 25 49 86 
116 119 120 19 23 50 51 53 
121 124 27 83 85 87 88 91 
119 122 22 23 28 55 57 84 
121 23 24 28 57 84 85 89 
25 29 31 53 54 58 88 91 
128 29 32 57 58 62 89 94 
36 37 65 66 73 97 98 99 
1 102 2 3 39 65 72 99 
103 104 36 6 72 76 8 99 
100 37 42 5 7 73 77 78 
104 36 37 7 73 76 78 99 
102 105 107 11 38 39 74 9 
102 103 107 11 39 72 76 99 
107 39 41 7 73 76 79 99 
10 104 105 110 112 14 78 80 
106 11 113 115 12 15 45 9 
107 114 13 16 43 7 76 79 
112 113 114 2 3 45 68 69 
113 115 15 3 45 69 70 71 
112 114 16 2 35 4 68 80 
1 108 109 115 3 33 45 71 
109 115 13 16 33 4 71 97 
126 127 21 48 52 64 81 96 
126 127 17 32 48 51 62 81 
46 52 81 82 83 85 87 88 
119 22 23 47 48 50 51 84 
17 19 20 23 24 25 51 53 
116 117 120 18 26 82 86 87 
124 22 26 27 30 55 83 87 
118 121 24 27 56 83 85 89 
118 123 24 25 56 58 86 89 
119 120 122 23 29 53 57 90 
123 124 25 58 86 87 88 91 
124 125 27 30 55 59 63 95 
126 28 30 31 55 59 95 96 
121 125 127 27 56 60 62 89 
122 125 27 55 56 59 60 61 
123 56 58 60 62 89 92 94 
122 123 56 60 61 90 92 93 
123 124 58 63 64 91 92 94 
128 29 30 31 90 93 95 96 
102 3 38 40 69 70 71 75 
1 102 3 33 40 5 71 72 
104 105 36 38 6 74 8 9 
100 106 38 6 75 77 8 9 
102 106 11 12 38 40 75 9 
104 110 13 14 43 7 76 78 
106 111 113 15 44 77 8 9 
105 107 11 112 113 114 45 9 
103 107 108 11 114 43 45 76 
1 108 110 111 43 65 66 67 
109 13 14 33 34 44 97 98 
110 13 14 43 65 66 97 98 
115 15 16 35 4 70 71 80 
