0.780974 1.551929 1.190482 0.915597 0.625903 0.299508 1.629833 1.439564 
0.881953 0.920632 1.246639 0.325808 0.682234 1.744748 1.525462 1.372833 
0.922456 0.495609 0.558978 0.689158 1.775729 1.823054 1.122717 1.170874 
1.016129 0.950044 1.111581 0.514379 1.383002 0.696248 1.735850 1.099745 
1.002515 0.737564 0.864163 0.672660 0.851229 0.816899 0.987194 1.699341 
0.842603 1.030445 0.631886 1.343474 1.003299 1.485888 1.334127 1.760130 
0.828911 0.630996 1.003731 0.806936 1.732142 1.102581 1.470018 1.289696 
0.716894 1.026378 0.868721 0.783178 0.609574 0.703782 0.857639 1.563098 
0.636473 0.620828 0.465496 0.677079 0.685790 0.497456 0.804721 0.451952 
1.665841 1.062358 1.348181 0.995328 1.432569 1.153952 1.368518 2.070240 
0.755988 0.688891 0.821281 0.377454 0.622684 0.617969 1.124856 1.038227 
0.667826 0.837104 0.726978 0.837712 0.783792 0.849628 1.177069 0.698761 
1.140716 0.541510 1.083918 0.586873 0.660128 0.321782 1.669472 1.064879 
0.708929 0.825983 0.922333 0.586405 0.550216 1.029722 0.809912 1.420242 
0.820688 0.977029 0.485002 0.661018 1.022918 1.019090 0.473612 1.154321 
1.054672 0.579213 0.600523 0.950540 0.608294 1.505291 1.402623 1.347143 
0.718592 0.403211 0.910319 0.603949 0.943289 1.339059 1.331200 0.760055 
1.345616 0.993339 0.908778 0.637261 1.156553 1.400580 1.307479 1.390389 
0.682652 0.528225 0.853500 0.487855 0.906098 0.908698 1.620711 0.868683 
0.641123 0.817950 0.460906 1.399310 0.925820 0.620066 1.341940 1.172966 
0.707347 0.588219 0.793450 0.800510 0.631407 1.858893 1.811272 0.988115 
0.822635 1.034359 0.439529 0.729203 0.547117 1.748472 1.109214 0.566711 
0.274131 0.495289 0.707499 0.895694 0.547120 0.655478 0.694306 1.689464 
0.120381 0.849905 0.816164 0.770474 0.853738 0.783165 1.233685 1.461911 
0.207029 0.844154 0.889754 0.995986 1.031246 0.523837 1.217065 1.242675 
1.190137 1.054477 0.831145 0.800348 0.653036 0.790347 0.751610 1.240446 
0.754148 0.920346 0.510058 0.728066 0.406922 0.421994 1.573865 0.414134 
1.241703 1.005892 0.806358 0.427645 0.409692 1.139465 1.289781 1.764048 
0.139603 1.405397 1.695283 0.518818 0.508513 0.588841 1.814987 1.675668 
0.960740 0.417743 0.826954 0.970006 1.279719 0.694588 0.674162 0.963441 
0.940558 1.423204 0.606727 0.847720 0.641246 0.771003 1.280773 1.593349 
0.645468 0.822350 0.425512 0.221296 0.835460 1.397628 1.650774 1.227387 
0.954906 0.540599 0.510380 1.278645 1.036371 0.728507 1.030691 0.735791 
0.888474 0.692575 1.062746 0.847516 1.419615 1.278918 0.988629 1.477443 
1.231955 1.365731 1.112080 1.152021 0.531121 1.456536 1.354951 1.567095 
0.716565 1.137986 0.612335 1.039066 1.622679 1.748836 1.240818 1.159197 
1.282804 1.230456 0.991124 0.579664 1.363358 1.984984 1.661088 1.469953 
1.016127 0.808540 1.019433 0.420517 0.563961 1.607420 1.341846 1.142618 
0.795482 1.178900 0.914839 1.041812 1.408606 0.833319 0.786095 1.396665 
0.805284 0.798634 0.646962 0.755941 0.863882 0.528316 1.279383 1.361012 
1.244972 1.049169 0.956316 1.021958 1.305230 1.172054 0.777722 1.694895 
0.823923 0.906304 0.502216 0.897159 0.997752 1.225707 1.003884 1.936373 
0.801543 0.968093 1.311912 0.885569 0.417375 0.356415 0.731405 1.189804 
0.952965 0.978270 0.455739 0.933719 0.725910 1.222999 0.879063 1.431917 
0.613227 1.080596 0.392232 0.223969 0.600614 1.115135 1.168075 1.170101 
0.585881 0.788219 0.727899 1.001983 0.980437 1.107236 1.397086 1.216864 
0.578123 1.133581 1.212318 0.383152 0.481650 0.678356 1.305537 1.823911 
1.024434 1.271640 0.469519 0.484326 0.756050 1.658910 0.740601 0.874768 
0.984339 0.822167 0.452796 1.100782 0.802192 1.030725 1.172803 1.175210 
0.775135 0.231495 0.717970 0.476415 1.139070 0.964296 0.925219 0.562502 
0.760035 0.641650 0.306138 0.461810 0.673238 1.510233 0.946018 1.236431 
1.002673 1.078149 1.012461 0.715442 1.092853 1.248339 0.974227 1.146171 
0.248091 0.792049 1.096072 0.297047 0.864237 0.639897 0.855968 1.859285 
0.821152 1.167110 0.466807 0.773874 0.764872 0.956258 1.693484 1.508762 
1.336005 0.973023 1.289426 0.826494 0.601485 0.356502 1.563647 0.458284 
1.042000 0.537378 0.704547 0.451524 0.506075 0.997479 0.439490 0.746249 
0.086754 1.083824 0.712396 0.742809 0.646152 1.044996 1.697457 1.804548 
0.205732 0.667263 1.050470 0.459660 0.932601 0.634449 1.514028 1.438831 
0.600165 0.505910 0.931303 0.440142 0.961736 0.608592 0.595240 1.027710 
0.577953 0.266588 0.739454 1.076193 1.021461 0.767201 0.916079 1.171891 
0.271841 0.952057 0.504825 0.526160 0.576849 0.999809 0.917937 1.292455 
0.679342 0.643345 0.321718 0.487835 0.977614 1.122991 1.397329 1.205108 
0.609230 0.652903 1.480479 0.854509 1.387575 0.698725 1.049784 1.582383 
1.472387 0.584180 0.735931 0.938258 0.865794 0.857385 1.367780 0.932497 
1.197635 0.632230 0.773048 0.722294 0.664880 0.627287 1.445914 1.738681 
0.938544 0.486202 0.931552 1.037066 1.525219 1.497818 0.848934 1.581970 
1.245256 1.198883 1.169222 1.272547 1.493287 0.581095 1.292353 1.107700 
1.272751 0.854229 0.955828 1.299880 1.310302 0.942196 1.415139 1.358039 
1.006769 0.726531 1.502225 1.152581 1.549296 0.844381 1.321585 1.102574 
0.805167 1.023899 0.433488 0.655134 1.070857 1.476144 1.248223 1.090586 
1.034877 0.772854 0.623631 0.583807 0.695061 0.977906 0.800516 0.835044 
0.814635 0.821373 0.097868 0.982792 1.192140 0.895452 1.192993 0.981237 
0.814035 0.613866 0.529219 0.776392 1.488431 1.582847 0.964199 1.369279 
0.412321 1.154699 0.774260 0.720628 0.572703 0.745250 1.401292 0.749008 
1.128126 0.619809 0.397628 0.718379 0.805136 0.961832 1.128224 0.782444 
0.702168 0.567013 0.255281 0.923263 0.847692 0.644784 0.969217 0.935789 
0.728185 0.726744 0.560944 0.586896 0.530022 1.086347 0.687774 1.600623 
0.548275 1.181656 0.510085 0.431911 0.893078 1.441464 1.147176 1.507513 
0.660180 0.923864 0.679290 1.415876 0.782498 1.002354 1.329640 1.082826 
1.215346 0.689312 0.548676 1.130699 0.876190 0.896838 1.509046 1.087603 
0.705392 0.553805 0.848149 0.819596 1.221760 0.480061 0.530760 1.301979 
0.495151 1.044277 0.860521 1.027484 0.703270 1.382647 0.789525 1.234084 
0.653110 1.019612 0.584241 0.773349 1.234620 1.350343 0.445239 1.071472 
0.713907 0.366785 0.474724 0.476538 0.811083 1.502398 1.081457 1.350270 
0.965113 0.673398 0.653137 0.568932 1.255913 1.443875 1.428145 1.143989 
1.417188 0.521232 1.216447 0.381050 0.802903 0.789108 1.005502 0.792203 
1.499507 0.642473 1.117909 0.661870 0.364286 1.215781 1.264780 1.159846 
0.970630 0.783370 0.606954 0.723547 1.438137 1.342536 1.212544 1.128313 
0.113932 0.834876 0.880515 0.615518 0.711220 0.230227 1.382594 1.265709 
1.356528 1.244916 1.217149 1.596427 0.455351 0.472948 1.002576 0.853429 
0.700150 0.949223 0.945226 0.684476 0.370673 0.646796 1.417817 1.074439 
0.244349 0.719746 1.124832 0.662466 1.201495 0.586373 0.997001 0.928560 
1.207453 1.010689 0.350791 0.727869 0.832799 0.898384 0.911350 1.295184 
0.475341 1.156070 0.501876 0.639812 0.262696 0.922156 1.053679 1.097938 
0.831804 0.894162 0.763017 0.934306 0.990565 0.689847 1.140771 1.398384 
0.787004 1.022240 0.719585 0.743077 0.384620 0.630637 1.436501 1.167580 
0.504902 0.803064 0.779132 0.438546 1.139043 0.603310 1.467312 1.444176 
0.546086 0.544211 0.894557 0.730686 0.442001 1.500620 1.330881 1.397048 
0.987936 0.691384 1.893088 1.530543 1.236460 1.182125 1.167610 1.399761 
0.897119 0.663478 0.800321 1.302442 0.959342 1.402561 1.158904 1.673046 
1.252462 0.932602 0.893350 1.248959 0.978485 1.143360 1.207906 1.158411 
1.268953 0.824961 0.739040 0.611051 0.224243 1.380451 1.202964 1.586557 
0.853641 0.924599 0.679279 0.535078 0.628165 1.199834 1.345465 1.173076 
0.799872 0.454455 0.411469 0.464689 0.744181 1.466391 1.324931 1.450402 
0.646323 0.785322 0.707604 1.022856 0.448913 0.867812 0.727944 1.867792 
0.566646 0.549818 0.762027 1.081383 1.107221 1.077823 1.019093 1.141848 
0.698481 0.513531 0.710417 0.733052 1.091808 1.281275 1.399461 0.881927 
1.161198 1.756823 0.651748 0.426430 1.159939 0.578328 0.499413 1.577348 
0.817733 0.790215 0.466959 0.631201 1.214288 0.663588 1.062519 1.089251 
0.811875 1.227081 0.985019 0.488320 0.677091 1.373417 0.892728 1.555815 
0.980680 1.480997 0.656729 1.179553 0.889508 0.682213 1.469651 1.039301 
0.801324 0.594433 0.715512 1.739074 1.096064 1.816783 1.204799 1.328493 
1.049964 0.771176 0.519734 1.525203 0.877895 0.725827 1.130201 1.551655 
0.569993 0.606310 0.464662 0.511139 0.759269 1.055514 1.409612 1.375624 
0.905871 1.002953 0.520657 0.641804 1.080960 1.221560 0.779020 0.887544 
1.592601 0.949957 0.780372 0.211255 1.355209 1.160337 1.826726 1.162919 
0.650147 1.391365 0.650031 1.100013 0.508794 0.831641 1.800593 1.634438 
1.246144 0.801126 1.032747 0.986846 0.795600 1.069384 0.477819 1.051036 
0.834779 0.659095 0.936071 0.710211 0.675691 1.046114 0.612570 0.777613 
1.536667 0.964420 1.202529 0.593879 0.554510 0.663725 0.811184 1.000615 
0.750695 0.825299 1.166683 0.495777 0.645314 0.992741 1.900645 1.393346 
0.854589 0.501804 1.372699 0.616189 0.426278 0.987150 0.385959 0.777300 
0.711387 1.051921 0.709082 0.606849 1.080024 1.015837 0.804218 0.873496 
0.735295 0.766640 0.684600 0.650481 0.951824 0.649933 1.252609 1.511785 
0.760337 0.888641 0.669863 0.496320 0.505859 1.179120 0.699633 1.013096 
1.012371 0.550036 0.742225 0.709044 0.530527 0.750875 0.753330 0.909582 
0.795348 0.819439 0.436820 0.528423 0.915439 0.569455 0.707168 0.563385 
1.153882 0.585257 0.698623 0.477788 0.702823 1.307247 1.354323 1.751870 
