103 104 116 50 51 60 61 94 
109 127 49 50 53 93 94 96 
100 52 54 55 58 95 97 98 
109 127 52 55 56 95 98 99 
109 127 128 53 56 57 96 99 
100 128 53 54 57 58 96 97 
100 101 104 122 55 58 61 98 
101 102 122 55 56 59 98 99 
102 103 128 56 57 59 60 99 
100 103 104 128 57 58 60 61 
108 122 51 61 62 65 73 75 
108 122 49 59 62 63 73 74 
110 50 51 60 61 64 65 75 
108 51 52 54 62 65 66 68 
108 109 49 52 62 63 66 67 
109 126 49 50 53 63 64 67 
52 54 55 58 66 68 69 72 
109 52 55 56 66 67 69 70 
109 126 53 56 57 67 70 71 
126 53 54 57 58 68 71 72 
122 55 58 61 69 72 73 75 
110 56 57 59 60 70 71 74 
110 57 58 60 61 71 72 75 
62 65 73 75 76 79 88 91 
62 63 73 74 76 77 88 89 
110 63 64 74 77 78 89 90 
110 64 65 75 78 79 90 91 
62 65 66 68 76 79 80 83 
62 63 66 67 76 77 80 81 
126 63 64 67 77 78 81 82 
66 68 69 72 80 83 84 87 
126 67 70 71 81 82 85 86 
126 68 71 72 82 83 86 87 
69 70 73 74 84 85 88 89 
110 70 71 74 85 86 89 90 
101 104 116 76 79 88 91 92 
101 102 76 77 88 89 92 93 
102 103 77 78 89 90 93 94 
103 104 116 78 79 90 91 94 
127 76 77 80 81 92 93 95 
127 77 78 81 82 93 94 96 
116 78 79 82 83 94 96 97 
100 80 83 84 87 95 97 98 
127 80 81 84 85 95 98 99 
127 128 81 82 85 86 96 99 
100 128 82 83 86 87 96 97 
100 101 104 84 87 88 91 98 
100 103 104 128 86 87 90 91 
105 107 12 123 124 15 16 2 
1 105 106 107 112 13 16 2 
1 106 11 111 112 117 13 14 
111 124 14 15 17 18 3 4 
106 112 16 19 2 20 5 6 
106 111 112 14 17 20 3 6 
113 17 18 21 3 4 7 8 
113 18 19 22 4 5 8 9 
10 19 20 22 23 5 6 9 
10 17 20 21 23 3 6 7 
105 107 113 12 123 22 8 9 
1 10 105 107 13 22 23 9 
1 10 11 117 13 21 23 7 
11 12 14 15 24 25 28 29 
107 12 15 16 25 26 29 30 
107 112 114 13 16 26 27 30 
11 112 114 13 14 24 27 28 
115 14 15 17 18 28 29 31 
115 15 16 18 19 29 30 32 
112 114 14 17 20 28 31 33 
113 115 118 17 18 21 31 34 
113 115 18 19 22 32 34 35 
119 19 20 22 23 32 33 35 
118 119 17 20 21 23 31 33 
11 113 118 12 21 24 25 34 
107 113 12 22 25 26 34 35 
11 118 119 13 21 23 24 27 
120 24 25 28 29 36 37 40 
25 26 29 30 37 38 40 41 
114 26 27 30 38 39 41 42 
114 120 24 27 28 36 39 42 
115 120 28 29 31 40 43 44 
115 29 30 32 40 41 44 45 
114 30 32 33 41 42 45 46 
114 120 28 31 33 42 43 46 
115 118 125 31 34 43 44 47 
115 121 125 32 34 35 44 45 
119 121 32 33 35 45 46 48 
118 119 31 33 43 46 47 48 
118 125 24 25 34 36 37 47 
121 125 25 26 34 35 37 38 
119 121 26 27 35 38 39 48 
118 119 24 27 36 39 47 48 
111 117 120 123 124 36 37 40 
105 123 124 2 37 38 40 41 
1 105 106 2 38 39 41 42 
111 120 124 3 4 40 43 44 
106 2 41 42 45 46 5 6 
106 111 120 3 42 43 46 6 
125 3 4 43 44 47 7 8 
121 125 4 44 45 5 8 9 
10 3 43 46 47 48 6 7 
117 123 125 36 37 47 7 8 
105 121 123 125 37 38 8 9 
1 10 105 121 38 39 48 9 
1 10 117 36 39 47 48 7 
102 103 49 50 59 60 93 94 
116 50 51 53 54 94 96 97 
110 49 50 59 60 63 64 74 
11 111 117 12 123 124 14 15 
124 15 16 18 19 2 4 5 
107 119 13 22 23 26 27 35 
108 116 51 52 54 92 95 97 
126 50 51 53 54 64 65 68 
122 55 56 59 69 70 73 74 
126 64 65 68 78 79 82 83 
66 67 69 70 80 81 84 85 
1 106 111 117 120 36 39 42 
101 104 108 116 122 51 61 92 
69 72 73 75 84 87 88 91 
110 71 72 75 86 87 90 91 
116 76 79 80 83 92 95 97 
102 103 128 85 86 89 90 99 
11 113 117 12 123 21 7 8 
101 102 108 122 49 59 92 93 
108 109 127 49 52 92 93 95 
101 102 84 85 88 89 98 99 
112 114 16 19 20 30 32 33 
124 2 4 40 41 44 45 5 
10 121 45 46 48 5 6 9 