0.210022 0.574177 0.446337 0.377470 0.720183 0.383706 0.583285 0.747723 
0.219038 0.944359 0.705928 0.520316 0.864977 0.733952 0.541764 0.615184 
0.589940 0.666067 0.559247 0.537222 0.449141 0.530349 0.311105 0.573079 
0.342478 1.182009 0.885091 0.581474 0.782380 0.479318 0.525959 0.503575 
0.301107 1.095821 0.456777 0.626370 0.741216 0.669280 0.485877 0.548713 
0.611186 0.433382 0.504192 0.672235 0.579489 0.415608 0.802911 0.354815 
0.534110 0.830011 0.597457 0.431969 0.857174 0.541278 0.793149 0.531438 
0.799616 0.326253 0.429029 0.850872 0.641904 0.554618 0.634266 0.479330 
0.567198 0.571470 0.628558 0.414119 0.526357 0.421022 0.290171 0.532906 
0.734485 0.341203 0.354408 0.554423 0.705097 0.566463 0.248826 0.469758 
0.567762 0.695337 0.655875 0.876923 0.800894 0.648290 0.655275 0.194725 
0.405445 0.727593 0.852019 0.981298 0.731666 0.570299 0.542279 0.756275 
0.115444 0.371706 0.313219 0.686113 0.509450 1.035650 0.812529 0.541733 
0.334954 0.749996 0.947531 0.687963 0.802539 0.713108 0.584920 0.592887 
0.296606 0.452228 0.845829 1.162555 0.793008 0.341558 0.539603 0.818813 
0.204825 0.807462 0.835270 0.302775 0.809866 0.482906 0.756155 0.848419 
0.515397 0.348622 0.599340 0.588143 0.542678 0.607411 0.343948 0.142540 
0.203031 0.837503 0.757853 0.984703 0.673662 1.007175 0.471767 0.911499 
0.354667 0.903273 0.694116 0.897645 0.717737 0.977326 0.655847 0.429344 
0.892102 0.456194 0.467671 0.630562 0.576968 0.757557 0.515405 0.150654 
0.349413 0.893854 0.549553 0.691886 0.694280 0.306482 1.014110 0.417316 
0.048100 0.591804 0.608995 0.701578 0.651907 0.783778 0.668690 1.000109 
0.072091 0.608355 0.535078 0.544134 0.400180 0.786394 0.376113 0.613907 
0.440346 0.631544 0.497416 0.320269 0.295810 0.306377 0.527123 0.380508 
0.566478 0.303380 0.372401 0.406640 0.256552 0.578863 0.395623 0.374837 
0.127057 0.487980 0.871120 0.857895 0.540204 0.650375 0.467240 0.464511 
0.122761 0.834037 0.744174 0.520115 0.839716 0.359370 0.483800 0.484941 
0.363638 0.584623 0.446113 0.619008 0.534541 0.617561 0.467351 0.664088 
0.518032 0.203139 0.631691 0.726989 0.309507 0.517320 0.375559 0.716621 
0.871076 0.282853 0.512665 0.601056 0.555999 0.667670 0.514641 0.673559 
0.511831 0.550084 0.614132 0.290223 0.366850 0.339671 0.693296 0.309729 
0.732504 0.679363 0.707248 0.446756 0.679708 0.689137 0.527749 0.123644 
0.731285 0.671497 0.715340 0.252688 0.731765 0.343507 0.250771 0.442349 
0.800953 0.816535 0.673081 0.362230 0.831106 0.508730 0.597827 0.412861 
0.040993 0.549198 0.757969 0.616985 0.529554 0.659992 0.651539 0.872855 
0.664115 0.578251 0.393022 0.434617 0.617011 0.301416 0.125308 0.763807 
0.702169 0.313410 0.367958 0.554606 0.331985 0.423183 0.469381 0.533791 
0.544495 0.722354 0.452752 0.552914 0.502625 0.212001 0.606261 0.157293 
0.253880 0.579816 0.194376 0.728241 0.523546 0.222982 0.357155 0.284169 
0.834484 0.496580 0.409998 0.377325 0.545243 0.557077 0.469769 0.775193 
0.856115 0.518934 0.642147 0.700705 0.577125 0.572264 0.110990 0.485872 
0.422339 0.563850 0.719862 0.631741 0.600642 0.246251 0.484477 0.672027 
0.578117 0.467165 0.666618 0.342950 0.194581 0.592016 0.303714 0.541245 
0.724699 0.380774 0.763334 0.461624 0.556018 0.425245 0.573068 0.536817 
0.787338 0.775069 0.578909 0.551798 0.500245 0.227864 0.330854 0.690707 
0.780195 0.600464 0.695828 0.464240 0.256344 0.274877 0.464839 0.335592 
0.568306 0.514479 0.320414 0.622091 0.320617 0.607892 0.435745 0.554768 
0.624246 0.314490 0.208051 0.698924 0.686308 0.305816 0.637139 0.453575 
0.489629 0.026987 0.699417 1.091114 0.908795 0.691623 0.869091 0.836211 
1.304827 0.750102 0.455591 0.315008 1.144707 0.882243 0.904441 1.218443 
1.173850 0.605714 0.620568 1.347429 0.782352 0.527278 0.350066 0.810667 
0.690540 1.031429 0.555663 0.649966 0.428964 0.387342 0.531288 0.627625 
0.250182 0.935473 0.812734 0.583111 0.964308 0.598243 0.700293 0.757314 
0.431661 0.716179 0.784576 0.553913 0.520010 0.540108 0.682282 0.855748 
0.582523 0.582857 0.377642 0.552519 0.472381 0.393959 0.548716 0.611635 
0.349886 0.657715 0.582380 0.346320 0.648063 0.610881 0.455892 0.601088 
0.537152 0.378669 0.544548 0.339707 0.350834 0.515141 0.604548 0.689528 
0.527383 0.729973 0.619849 0.366531 0.406449 0.542620 0.569558 0.391132 
0.562274 0.201221 0.577188 0.833023 1.118077 0.695629 0.608140 0.847529 
0.862255 0.458905 0.477194 0.625524 0.747843 0.760670 0.664665 0.831386 
0.926434 0.544438 0.731099 0.265451 0.435783 0.622623 0.385323 0.756762 
0.502572 0.410201 0.600192 0.469882 0.570561 0.560938 0.448902 0.510392 
0.269899 0.638565 0.408214 0.737588 0.687563 0.656575 0.585220 0.730552 
0.258898 0.785519 0.594448 0.885896 0.697528 0.726443 0.703012 0.647053 
0.240874 0.802431 0.626214 0.477269 0.401669 0.652665 0.427641 0.560810 
0.675370 0.424437 0.258404 0.687633 0.454889 0.573242 0.665914 0.690507 
0.443409 0.355602 0.572913 0.606071 0.587791 0.578880 0.518566 0.594159 
0.762173 0.675662 0.312895 0.632856 0.684052 0.626627 0.609255 0.686768 
0.416705 0.604765 0.434155 0.687603 0.451693 0.713082 0.991525 1.082474 
0.241887 0.595842 0.547555 0.303626 0.501340 0.659208 0.754121 0.308953 
0.471481 0.313346 0.652313 0.622328 0.751727 0.634626 0.941076 0.753835 
0.866261 0.510035 0.764909 0.674078 0.604024 0.728018 0.946323 0.864866 
0.556994 0.714419 0.372799 0.420693 0.992615 0.827600 0.566852 0.913992 
0.299664 0.375455 0.605239 0.991399 0.571386 0.806902 0.573792 0.650527 
0.285372 0.688197 0.723260 0.704569 0.584454 0.835533 0.839475 0.701674 
0.494254 0.701830 0.526516 0.895258 0.582831 0.942965 0.694732 1.001283 
0.577644 0.324194 0.514862 0.619289 0.611372 0.608982 0.644587 0.516289 
0.476983 0.289602 0.494310 0.585968 0.564004 0.446624 0.494106 0.582506 
0.590076 0.545127 0.640949 0.356491 0.907164 1.054262 0.585718 1.082560 
0.589460 0.471879 0.817720 0.633426 0.768855 0.871839 0.863128 0.764320 
0.584237 0.563589 0.427280 0.589360 0.629113 0.547186 0.736387 0.655869 
0.554270 0.578367 0.591349 0.671661 0.415475 0.637148 0.621148 0.480355 
0.545594 0.392617 0.955744 0.682950 0.642779 0.965264 1.003939 0.608293 
0.693299 0.394770 0.840840 0.991362 1.033399 0.635254 0.741362 0.871106 
0.513451 0.437532 1.038318 0.705646 0.672336 0.515226 0.797096 0.845213 
0.314939 0.602161 0.657800 0.821926 1.001318 0.928641 0.672428 1.277258 
0.688950 0.429061 0.851202 0.939913 0.729840 0.617645 0.813049 0.824512 
0.448454 0.935273 0.876119 0.609152 0.857855 0.753378 0.602350 0.914636 
0.568225 1.119250 0.556466 0.433247 0.640935 0.702205 0.661611 0.841093 
0.523247 0.456707 0.694263 0.727375 1.186925 0.813783 0.531974 1.201850 
0.620219 0.421964 0.836590 0.603622 0.684340 0.541078 0.849572 0.893570 
1.374120 0.453139 0.483643 0.872064 0.629572 1.073587 0.597942 0.863558 
0.354877 0.974320 0.590107 0.692854 0.582605 0.753785 0.696559 0.560996 
1.493501 0.456054 0.595012 1.058252 0.863040 0.697362 0.658258 0.959600 
0.784048 0.466485 0.599776 0.620145 0.446457 1.039538 0.758017 0.578789 
0.212393 0.757018 0.657565 0.823302 0.734049 0.582757 0.602301 1.097575 
0.439562 1.058886 0.655219 0.704583 1.169141 0.773345 0.612010 0.806164 
0.843825 0.572755 0.403078 0.617007 0.636642 0.589978 0.287382 0.459566 
0.521529 1.094938 0.518925 0.738657 0.996532 0.568158 0.443053 0.869655 
0.535847 0.523508 0.587760 0.594863 0.534840 0.616580 0.605137 0.224043 
0.250424 0.835502 0.677116 0.841559 0.697010 0.546656 0.585644 0.624444 
0.498246 0.571204 0.794854 1.020507 0.741700 1.072404 0.583582 1.197411 
0.852933 0.715672 0.392710 0.594289 1.325521 0.564205 0.880439 1.277087 
1.021279 0.533055 0.207564 1.067623 0.694210 0.664650 0.578226 0.668242 
0.421653 0.329267 0.642663 0.316318 0.697168 0.550233 0.670599 0.283156 
0.449644 0.188182 0.748938 0.647774 0.792817 0.465685 0.585210 0.542500 
0.003102 0.641509 0.290806 0.778706 1.014251 0.606867 0.944149 0.862958 
0.630517 0.940302 0.468438 0.489308 1.198116 0.808845 0.596407 0.388980 
0.654197 0.539505 0.582141 0.460109 0.584258 0.639291 0.644829 0.660387 
0.397157 0.553160 1.007446 0.988482 0.964741 0.990092 1.012227 1.027651 
0.344180 0.805672 0.891166 0.806000 0.555096 1.058866 0.614266 0.566216 
0.718079 0.136396 0.329004 0.548550 0.496205 0.450772 0.662238 0.582795 
0.267897 0.928395 0.587851 0.619354 0.386003 0.593795 0.724633 0.425481 
0.866128 0.489088 0.719080 0.697785 0.655101 0.429928 0.696878 0.353124 
0.602803 0.546191 0.323914 0.663632 0.312679 0.700205 0.458209 0.365563 
1.309824 0.651305 1.675211 0.427877 0.791695 1.314276 0.658771 1.260577 
0.958005 0.665242 0.755188 0.414526 0.766115 0.878202 0.783882 0.958827 
0.480124 0.489141 0.482284 0.510003 0.536222 0.473329 0.511709 0.501632 
0.031251 0.933791 0.549003 0.847876 0.510731 0.589286 0.673462 0.686375 
0.388995 0.509822 0.609212 0.542729 0.521986 0.696720 0.700386 0.542792 
0.474498 0.426857 0.765356 0.617861 0.389960 0.653059 0.383534 0.682750 
0.686386 0.466441 0.450670 0.680363 1.010159 0.574336 0.645766 0.664076 
0.683612 0.234371 0.595004 0.426189 0.659307 0.710298 0.562013 0.733025 
0.516723 0.360734 1.035638 0.783543 1.224644 0.590252 0.646442 0.635776 
0.372505 0.220630 0.287096 0.497495 0.341988 0.507133 0.535589 0.585616 
0.645651 0.555504 0.379931 0.379326 0.588473 0.627461 0.536414 0.518202 
0.438426 0.458027 0.623750 0.637041 0.432820 0.446153 0.613940 0.554437 
0.476787 0.443947 0.941902 0.540818 0.797702 0.406402 0.585054 0.869676 
