108 126 128 21 27 69 80 83 
123 125 22 24 25 26 42 85 
110 111 124 23 41 43 68 84 
111 112 127 28 43 68 84 86 
128 26 28 43 68 69 85 86 
108 113 118 21 27 33 69 70 
108 112 20 27 33 34 70 71 
109 112 117 20 28 29 34 71 
108 113 21 22 24 30 32 70 
110 111 115 116 22 25 30 31 
110 111 114 116 23 31 68 72 
111 112 116 117 28 34 68 72 
117 118 26 28 68 69 72 73 
113 118 33 39 40 70 74 76 
113 114 29 32 37 75 76 77 
115 119 30 32 37 38 73 78 
115 116 119 120 30 31 36 78 
37 41 42 75 76 77 82 83 
119 120 123 124 125 36 78 84 
44 47 52 7 8 87 88 91 
1 45 46 51 6 89 9 92 
10 2 46 52 53 88 9 90 
11 3 47 48 54 89 91 92 
2 46 48 53 54 89 9 92 
10 2 49 50 53 55 56 90 
13 2 48 49 5 53 54 55 
1 49 50 55 56 6 7 87 
12 13 4 44 45 5 51 8 
15 51 8 91 92 94 95 98 
10 16 17 52 53 9 96 97 
10 11 17 52 91 97 98 99 
100 15 16 53 54 9 92 96 
101 14 55 56 57 6 7 93 
101 12 56 58 7 8 93 94 
103 60 62 63 93 94 97 98 
17 19 62 63 64 97 98 99 
100 104 105 106 15 16 18 96 
100 102 105 106 16 57 65 67 
101 14 57 59 60 65 66 93 
102 14 57 59 61 65 67 95 
106 18 3 47 48 63 64 89 
104 105 106 18 2 46 48 89 
106 107 3 4 48 5 64 67 
109 112 127 20 28 81 82 86 
109 128 21 28 69 82 83 86 
108 123 21 22 24 42 80 83 
109 110 124 20 23 41 81 82 
23 24 26 41 42 43 68 85 
125 126 128 25 26 27 69 85 
111 112 125 126 127 25 27 84 
109 113 117 118 21 28 29 69 
108 110 20 22 30 31 70 71 
115 22 24 25 26 30 32 73 
114 23 24 26 32 68 72 73 
115 118 25 26 27 33 69 73 
111 112 115 116 25 27 33 34 
115 118 33 38 39 40 73 78 
116 117 120 121 122 34 72 79 
126 128 39 40 74 76 80 83 
121 126 127 35 39 74 80 81 
122 128 40 75 76 82 83 86 
119 123 124 35 36 74 80 81 
124 35 36 41 75 77 81 82 
120 124 36 41 43 77 79 84 
125 126 128 38 39 40 78 85 
120 121 125 126 127 39 78 84 
122 128 38 40 43 79 85 86 
11 12 13 3 4 48 5 54 
1 13 45 49 5 51 55 6 
14 52 6 7 9 93 96 97 
52 7 8 91 93 94 97 98 
100 102 11 12 13 54 58 99 
100 102 13 16 53 54 55 57 
104 14 59 60 62 93 96 97 
103 15 18 61 63 94 95 98 
104 14 15 18 59 61 95 96 
100 106 15 18 63 64 98 99 
101 105 16 17 19 57 65 66 
100 102 106 107 58 64 67 99 
1 104 46 59 60 62 87 88 
103 44 47 60 62 63 87 88 
103 18 44 45 47 61 63 89 
1 104 18 45 46 59 61 89 
107 19 3 4 50 64 66 90 
105 106 2 48 49 5 65 67 
103 107 4 44 45 5 61 67 
108 112 126 127 20 27 80 81 
108 110 123 124 20 22 80 81 
109 21 23 24 41 42 82 83 
110 111 123 124 125 22 25 84 
109 110 114 20 23 29 31 71 
109 113 114 21 23 24 29 32 
121 33 34 35 39 70 71 74 
117 121 122 29 34 35 71 75 
113 117 118 122 29 40 75 76 
113 119 30 32 37 70 74 76 
119 30 31 35 36 70 71 74 
114 29 31 35 36 71 75 77 
114 116 120 31 36 72 77 79 
114 32 37 38 72 73 77 79 
115 116 120 121 33 34 39 78 
117 118 122 38 40 72 73 79 
121 122 127 35 75 81 82 86 
119 123 37 42 74 76 80 83 
119 123 125 37 38 42 78 85 
37 38 41 42 43 77 79 85 
120 121 122 127 43 79 84 86 
1 46 52 6 7 87 88 9 
44 45 47 51 8 89 91 92 
10 11 3 47 52 88 90 91 
10 11 12 3 4 50 56 90 
12 4 44 50 56 7 8 87 
14 15 51 6 9 92 95 96 
100 11 15 54 91 92 98 99 
10 101 16 17 53 55 56 57 
10 101 11 12 17 56 58 99 
102 12 13 51 58 8 94 95 
102 13 14 51 55 57 6 95 
104 105 16 17 19 62 96 97 
101 107 17 19 58 64 66 99 
101 103 107 58 60 66 93 94 
102 103 107 58 61 67 94 95 
104 105 19 2 46 62 88 90 
19 3 47 62 63 64 88 90 
105 19 2 49 50 65 66 90 
1 49 50 59 60 65 66 87 
103 107 4 44 50 60 66 87 
1 45 49 5 59 61 65 67 
