0.256803 0.428079 0.867961 0.771503 0.567515 0.175116 0.578980 0.470777 
0.417875 0.604751 0.696250 0.272595 0.367228 0.654190 0.506117 0.125226 
0.282552 0.760026 0.658815 0.485283 0.426929 0.597027 0.369957 0.406085 
0.870497 0.468772 0.867335 1.199499 0.790763 0.301646 0.670674 0.355462 
1.083457 0.809506 1.199905 1.016366 0.369583 0.286409 0.169000 0.293653 
0.221086 0.671680 0.593309 0.830200 0.458480 0.273283 0.321314 0.492373 
1.379295 1.176285 1.672510 1.286001 1.102913 1.738319 1.327706 0.000220 
0.197616 0.470881 0.670248 1.268950 1.640058 1.279006 1.169008 0.131094 
0.361025 0.457041 0.733406 0.498782 0.224184 0.792028 0.554388 0.648487 
0.309008 1.018379 0.093487 0.571906 0.638041 0.396427 0.559087 0.516972 
0.138284 0.908907 0.422083 0.762896 0.615302 0.840307 0.725928 0.877873 
1.039712 0.216173 1.197406 0.503108 1.230161 1.022421 0.678965 0.973762 
0.548919 0.884893 0.658417 1.110510 0.467720 0.103498 0.812646 0.384533 
0.781015 0.251022 0.431038 0.382902 0.532777 0.316213 0.345738 0.514347 
0.619074 0.115343 0.733871 0.601235 0.619754 0.485129 0.327954 0.331326 
0.309010 0.330112 0.689503 0.664834 0.491360 0.349892 0.246134 0.454484 
0.140406 0.640115 0.287033 0.564457 0.493102 0.486313 0.723673 0.749966 
0.618028 0.576367 0.295434 0.810345 0.469401 0.139823 0.389448 0.427070 
0.466339 0.551102 0.683595 0.543581 0.680329 0.784988 0.610649 0.863504 
0.424313 0.789976 0.584930 0.859620 0.856275 0.532824 0.767728 0.784324 
0.708715 0.367868 0.391189 0.325256 0.407668 1.079784 0.859404 0.562036 
1.129371 1.453529 0.664137 0.510587 0.503674 1.161380 1.113946 0.255018 
0.394233 0.627978 0.487592 0.488035 0.587218 0.862437 0.745010 1.019837 
1.300269 -0.000207 0.816690 -0.000283 0.742773 1.230746 1.108829 0.617310 
0.977453 1.214581 0.375477 0.725887 0.596916 0.727210 0.699227 0.048987 
0.649700 1.058142 0.667125 0.231872 0.700840 0.660260 0.470473 0.640174 
0.606433 0.469943 0.581324 0.441871 0.356086 0.140345 0.563248 0.409233 
0.216026 0.483229 0.511149 0.233309 0.456190 0.479762 0.279244 0.733317 
0.545106 0.270047 0.786072 0.651666 0.976955 0.768200 0.412172 0.958537 
0.594650 0.812508 0.297447 0.066362 0.381803 0.951854 0.126611 0.792541 
0.485901 0.447366 0.218280 0.345812 0.582336 0.554510 0.914094 0.308077 
0.619043 0.649962 0.922496 0.582054 0.721420 0.849198 0.772055 0.002918 
0.740630 0.747639 0.442601 0.242578 0.561819 0.081796 0.509394 0.465104 
0.695497 0.398581 0.196611 0.348878 0.821232 0.652749 0.715423 0.744095 
0.784903 0.771966 0.594674 0.509839 1.133611 0.864300 0.894125 0.779481 
0.463858 0.531102 0.317157 0.388762 0.654901 0.609464 0.788242 0.298201 
0.303950 0.480108 0.329776 0.962812 0.712936 0.793477 0.734963 0.244672 
0.675002 0.813089 0.302260 1.332387 0.853841 0.818016 0.783924 0.721214 
0.711953 0.684843 0.350280 0.310271 0.828833 0.767500 0.569870 0.758114 
0.641088 0.754240 0.473298 0.217993 0.477588 0.586082 0.604914 0.434729 
0.706714 0.701370 0.657909 0.525085 0.418770 0.728910 0.382414 0.752262 
0.627309 0.590854 0.821976 0.574406 1.149107 0.585308 0.614236 0.849996 
1.102509 0.602056 0.543247 0.519248 0.409383 0.705974 0.351931 0.585657 
-0.004662 0.315311 0.852900 0.993351 1.363609 0.398134 0.840567 0.578872 
0.194090 0.798291 0.929778 1.493526 0.331586 0.743137 0.364185 0.543290 
0.754222 0.810120 1.229783 0.837113 0.000012 0.902677 1.124804 0.904309 
0.102995 0.238122 0.480544 0.818504 0.457058 0.389514 0.358409 0.460502 
1.190889 0.769061 1.425824 1.019903 1.075042 1.394194 1.326625 0.000319 
0.594781 0.488112 0.748205 0.195260 0.712087 0.845785 0.303423 0.050237 
0.948232 0.692052 0.800595 0.563199 0.620481 0.444805 0.775264 0.706485 
0.028467 0.793359 0.605283 0.877135 1.076280 1.583187 1.105560 0.495648 
0.467208 0.211429 0.872003 0.248098 0.362909 0.671912 0.536579 0.077927 
0.344470 0.142488 -0.003247 0.065288 0.557422 0.413020 0.393077 0.315760 
0.275179 0.695641 0.190754 0.675293 0.713976 0.642426 0.803766 0.222778 
0.696332 0.547905 0.458713 0.855272 0.696072 0.502025 0.296311 0.214680 
0.932598 0.315390 0.444186 0.754679 0.329813 0.615961 0.368519 0.662856 
0.630878 0.327059 0.358336 0.427108 0.257975 0.432499 0.342556 0.346005 
0.769802 0.532369 0.884525 0.228519 0.646870 0.683732 0.752761 0.308886 
0.568782 0.667721 0.461345 0.488699 0.280469 0.453893 0.676241 0.620344 
0.127503 0.502612 0.706265 0.671661 0.685665 0.377852 0.712938 0.307595 
0.494577 0.731868 0.758421 0.568593 0.648337 0.578733 0.617876 0.734714 
0.412418 0.519010 0.507186 0.620232 0.609954 0.407036 0.708614 0.307153 
0.766387 0.559252 0.713126 0.757383 0.543849 0.236657 0.420854 0.383951 
0.666591 0.376116 0.886699 0.452546 0.655148 0.489470 0.286306 0.681656 
0.668726 0.574563 0.583777 0.431042 0.606635 0.552158 0.482684 0.290659 
0.772825 0.297425 0.582560 0.618515 0.860078 0.640600 0.532350 0.808386 
0.563610 0.715101 0.491660 0.603811 0.898995 0.240440 0.121877 0.487643 
0.290530 0.100241 0.410814 0.444506 0.199006 0.496489 0.259989 0.427550 
0.649947 0.533166 0.296184 0.281498 0.514605 0.218492 0.538553 0.291179 
0.639536 0.427690 0.253282 0.725582 0.991853 0.607809 0.335080 1.191156 
0.730859 0.919673 0.556272 0.492945 0.886638 0.799235 1.247941 1.187162 
0.995556 0.630157 0.477059 0.340964 0.679557 0.495191 0.416634 0.655974 
0.730324 0.812961 0.729658 0.873844 0.849882 0.538395 0.464905 0.822048 
1.007327 0.929446 0.386786 0.727590 0.642989 0.745884 0.544434 0.994008 
0.831753 0.766794 1.104886 0.542314 0.689356 0.722868 0.478236 0.813375 
0.609211 0.918375 0.593964 0.687490 0.439460 0.514958 0.416291 0.405459 
0.777371 0.869402 0.669093 0.664529 0.463041 0.755104 1.249125 0.734989 
0.729514 0.376082 0.828374 0.708029 0.632629 0.565888 0.742697 0.440800 
0.869277 0.919524 1.139428 0.801055 0.677944 0.654414 0.626869 0.866340 
0.769507 0.906572 0.588973 0.546102 0.830887 0.716594 0.679444 0.887828 
0.850341 0.370802 0.815637 0.753000 0.629797 0.675559 0.780105 0.816035 
0.985271 0.702596 0.612682 0.515061 0.717010 0.457293 0.440639 0.825615 
0.804775 0.609399 0.759370 0.214177 0.570139 0.696978 0.578472 0.875190 
0.444712 0.620479 0.501650 0.431704 0.437692 0.456738 0.464613 0.300783 
0.589324 1.246048 1.246605 -0.000369 0.001410 0.687914 1.110575 0.726059 
0.934899 0.450855 0.481891 0.324469 0.288698 0.405874 0.590344 0.568641 
0.291377 0.457261 0.496097 0.919001 0.749668 0.570502 0.635159 0.422017 
0.583855 0.534105 0.659759 0.736002 0.794929 0.578232 0.616184 0.270651 
0.228731 0.950910 0.665476 0.369957 0.482575 0.416607 0.352006 0.329356 
0.421283 1.107460 0.618077 0.754853 0.675979 0.351951 0.103119 0.868085 
0.129229 0.547722 0.408995 1.375923 1.148579 1.358717 1.145153 0.250770 
0.036681 0.307674 0.183077 0.652745 0.842974 -1.000000 1.053444 0.582803 
0.960694 1.081334 1.568442 1.623377 1.213275 1.186871 -0.000107 1.082414 
1.216932 0.930310 1.370804 1.604136 1.580329 1.375210 -0.000164 1.063024 
0.762643 0.990999 0.600133 0.613740 0.887106 0.681046 0.468646 0.534884 
0.762389 0.496798 0.623834 0.510346 0.534254 0.703823 0.599897 0.607753 
0.370080 0.546927 0.485652 0.537013 0.515013 0.756540 0.142827 0.329044 
0.309457 0.895950 0.798495 0.493610 0.683218 0.123737 0.248251 0.539297 
0.346708 0.649603 0.660931 0.609524 0.580603 0.916882 0.423469 0.436219 
0.298355 0.456876 0.274667 0.296880 1.053206 0.205634 0.272401 0.288021 
0.610463 0.974465 0.863605 0.284262 0.651923 0.919866 0.595983 0.535132 
0.742113 0.588592 0.521918 0.470290 0.582709 0.758319 0.330566 0.344113 
0.227418 0.581380 0.857624 0.664790 0.489654 0.388679 0.681664 0.696137 
0.759760 0.691926 0.417243 0.355347 0.661623 0.389739 0.774479 0.314558 
0.584801 0.554492 0.730448 0.449182 0.299316 0.502708 0.480053 0.179365 
0.492712 0.598147 0.336871 0.278356 0.948395 0.122980 0.281956 0.153598 
1.101795 0.373913 0.799769 0.719048 0.925202 0.396752 0.656247 0.391974 
0.555419 0.382430 0.527196 0.184337 0.832942 0.433367 0.921074 0.861577 
0.000219 0.664189 1.104945 0.331351 0.764304 1.405908 0.537364 1.062193 
0.789053 0.312949 0.711331 0.665579 0.432321 1.023233 0.321496 0.379958 
0.840127 0.447511 0.362616 0.665555 0.543355 0.448621 0.420810 0.354219 
0.156410 0.492607 0.177300 0.773756 0.398320 0.793704 0.520889 0.663913 
0.965655 0.618635 0.182806 0.308317 0.799632 0.412738 0.463939 0.375514 
0.867263 0.579657 0.613629 0.642481 0.348528 0.737132 1.046343 0.729623 
0.576291 0.871680 0.828571 0.324892 0.723539 0.739681 0.487811 0.931417 
0.548594 0.758869 0.307939 0.456120 0.289893 0.332155 0.433101 0.347355 
0.836213 0.179187 0.575021 0.028354 0.430781 0.467938 0.634870 0.716902 
0.788950 0.905859 0.674927 0.318571 0.513724 0.532967 0.409589 0.430655 
0.882285 0.470484 0.728236 0.376791 0.498572 0.473519 0.242818 0.839835 
0.794336 0.904749 0.385702 0.475329 0.644287 0.458666 0.413421 0.504548 
0.833918 0.806918 0.798085 0.671521 0.729812 0.607711 0.860170 0.854930 
0.818131 0.855535 0.917888 0.740759 0.401462 0.677612 0.990524 0.540008 
0.819831 0.445276 0.664027 1.029037 0.368000 0.584648 0.937235 0.307333 
0.556398 0.872651 0.634230 0.527280 0.681817 0.351358 0.962526 0.399534 
0.576755 0.618090 1.127941 0.249389 0.678739 0.830812 0.425521 0.321174 
0.677458 0.239394 0.522041 0.510649 0.685363 0.813767 0.524880 0.591149 
0.931903 0.636779 0.767194 0.439131 0.488987 0.759109 0.613267 0.899042 
1.015780 0.417297 0.407257 0.970263 0.529835 0.475819 0.749871 0.670234 
