116 14 27 51 60 63 85 96 
14 17 27 28 29 61 80 81 
127 15 16 17 28 29 80 94 
116 30 63 82 83 85 95 96 
116 121 19 56 82 83 85 89 
122 125 126 20 21 54 57 86 
18 22 23 53 58 87 88 91 
119 122 21 24 25 54 55 86 
120 123 124 23 24 55 88 89 
119 120 124 24 25 26 55 90 
120 121 123 124 125 20 89 93 
123 30 59 63 92 93 95 96 
124 125 126 128 26 31 32 64 
1 2 34 37 38 65 67 70 
3 33 39 40 68 69 97 98 
103 104 3 35 36 39 40 98 
104 2 3 36 40 70 71 99 
106 37 38 39 44 68 7 73 
107 108 109 41 46 5 71 72 
11 110 42 43 44 6 68 69 
112 114 44 47 48 6 73 8 
107 108 113 45 49 7 75 76 
108 113 114 7 73 76 77 9 
10 114 48 50 73 77 8 9 
10 107 45 48 49 50 75 8 
10 107 110 13 46 49 50 78 
1 111 113 2 34 65 74 75 
111 112 2 3 48 65 75 97 
2 3 36 48 49 50 75 99 
100 12 4 49 66 76 78 99 
102 13 36 49 50 66 78 99 
101 102 112 13 33 47 79 97 
116 117 15 32 51 60 94 96 
14 27 51 52 60 61 62 81 
127 128 16 52 62 83 84 95 
115 127 128 16 17 29 31 84 
116 121 14 18 51 53 56 85 
14 18 51 52 53 81 87 88 
15 16 18 51 52 54 55 88 
119 15 16 17 54 55 80 86 
19 52 81 82 83 87 88 89 
116 117 120 121 20 83 84 89 
115 117 118 120 20 57 84 90 
121 125 18 20 21 54 58 93 
119 122 22 25 53 86 87 91 
126 19 26 56 57 59 90 92 
125 21 32 58 60 93 94 96 
122 127 21 24 25 28 29 94 
22 25 26 29 30 31 61 92 
124 127 128 24 25 26 29 31 
1 33 34 37 38 39 68 98 
100 103 34 35 38 39 41 98 
105 106 37 38 45 67 7 70 
39 40 44 6 68 69 73 8 
10 103 104 39 40 73 8 9 
105 106 109 37 46 5 67 72 
105 110 43 46 6 67 69 72 
106 113 114 44 47 7 73 74 
105 106 109 111 12 46 74 78 
1 113 114 33 34 47 74 98 
100 113 2 34 49 75 76 99 
100 113 114 34 35 76 77 98 
1 111 12 4 65 66 74 78 
102 111 112 13 65 66 78 97 
118 14 27 28 63 64 80 85 
115 118 30 31 63 64 82 85 
118 14 53 56 57 80 85 86 
116 117 121 15 18 20 51 54 
117 118 15 20 54 57 80 86 
119 14 17 53 80 81 86 87 
115 119 17 19 81 82 87 90 
115 118 19 56 57 82 85 90 
18 21 23 24 54 55 58 88 
27 58 59 60 63 91 93 96 
122 22 25 27 28 29 61 91 
123 22 23 30 61 62 92 95 
123 124 127 128 23 24 62 95 
126 26 30 31 59 63 64 92 
123 124 125 128 32 93 95 96 
2 3 40 65 67 69 70 97 
100 2 34 38 41 70 71 99 
100 4 41 5 66 71 72 99 
100 101 103 35 4 41 42 5 
101 102 103 104 35 36 42 43 
1 37 4 5 65 66 67 72 
105 40 45 6 67 69 70 8 
107 108 38 41 45 7 70 71 
103 108 38 39 41 7 73 9 
103 108 109 11 41 42 5 9 
10 104 107 110 43 46 71 72 
105 106 111 113 45 7 74 75 
107 108 109 12 46 49 76 78 
106 109 11 12 44 47 74 79 
112 114 3 33 47 48 97 98 
100 101 12 35 4 76 77 79 
1 101 12 33 4 47 74 79 
117 118 15 28 32 64 80 94 
127 15 16 51 52 60 62 94 
115 17 29 30 31 61 81 82 
30 52 61 62 81 82 83 95 
116 117 128 32 83 84 95 96 
115 117 118 128 31 32 64 84 
120 16 52 55 83 84 88 89 
115 119 120 16 17 55 84 90 
122 126 53 56 57 59 86 91 
121 18 53 56 58 59 91 93 
119 19 22 25 26 87 90 92 
123 19 22 23 87 88 89 92 
121 123 19 56 59 89 92 93 
120 124 125 126 20 26 57 90 
122 126 27 28 59 63 64 91 
122 125 126 21 28 32 64 94 
22 23 27 58 60 61 62 91 
127 21 23 24 58 60 62 94 
102 104 36 43 66 71 72 99 
1 101 33 37 4 42 5 68 
101 102 33 42 43 68 69 97 
102 43 65 66 67 69 72 97 
10 104 107 40 45 70 71 8 
10 103 104 11 110 42 43 9 
106 109 11 37 42 44 5 68 
105 111 112 45 48 6 75 8 
108 109 11 12 76 77 79 9 
10 11 110 13 50 77 79 9 
11 110 112 13 44 47 6 79 
105 110 111 112 13 46 6 78 
114 3 35 36 48 50 77 98 
101 102 13 35 36 50 77 79 
