0.932281 1.431595 1.720861 0.792553 1.213141 1.196535 1.728268 1.535722 
1.343363 1.014885 1.672912 1.359880 1.003244 1.060148 1.428728 1.624755 
0.776249 0.991112 0.858662 1.429599 1.249021 1.025601 1.430737 0.858909 
0.654305 1.612313 1.459020 1.554541 0.793478 1.702582 1.506747 1.406787 
0.921947 0.862249 1.186897 0.806165 1.538713 1.162843 1.632957 1.179394 
0.752789 0.816133 1.040233 1.247969 1.066500 1.061762 0.601349 1.680480 
1.376691 1.144444 1.447070 0.839198 0.681996 1.398256 1.200258 1.896141 
1.351394 1.122039 1.180256 1.494050 1.019082 0.892136 0.992849 1.561690 
1.040083 1.125798 1.023560 1.378272 1.302073 0.920576 1.270289 0.919571 
1.130549 0.900291 1.158450 1.432785 1.026249 0.949773 0.647000 0.954151 
0.781675 0.884062 1.086279 0.737506 0.881206 0.929305 0.998026 1.134556 
1.245896 1.694997 1.322974 1.662594 1.279417 1.308214 1.429341 1.621424 
1.162383 0.532329 1.199548 0.725144 0.893540 1.194861 0.897865 1.159726 
1.610124 1.461654 0.512348 1.074277 1.528253 1.295787 1.357465 1.886409 
1.382551 0.779675 1.014608 1.247842 1.869313 1.276699 1.074724 1.119197 
1.498823 1.424026 1.378968 0.954107 1.139212 0.934679 1.075213 0.978733 
1.372636 1.263189 1.930407 1.072434 0.710100 1.835901 1.378265 1.340911 
0.947063 0.704560 1.421264 0.818546 0.764042 1.864185 1.395935 1.565031 
1.389355 1.284376 1.182251 0.896213 0.677878 1.537277 1.660442 1.733817 
1.371287 1.062275 0.977868 0.907323 0.801932 1.233076 1.749462 1.725538 
1.135611 0.983956 1.334765 0.943829 0.872909 1.078775 1.513976 1.419755 
1.577911 1.282908 0.610628 0.962771 1.162210 1.189209 1.931056 1.551669 
1.186594 0.851947 0.940766 1.218122 1.414105 1.198483 1.442636 1.039256 
1.429392 0.723406 1.265174 1.271437 1.396132 1.400052 1.661617 1.297863 
1.317281 1.758694 0.811984 1.363582 1.175260 1.829768 2.080655 1.481077 
1.181192 1.886447 1.138221 1.140366 0.440133 1.314288 1.503308 1.655895 
1.600335 0.786195 0.841961 1.492148 0.448196 1.469802 1.239163 1.397649 
0.616427 0.973973 1.362448 1.504094 1.009661 1.389397 1.593789 1.061027 
1.269447 1.544308 1.322301 1.215218 1.299932 1.672651 2.029278 1.570446 
0.934835 1.429321 1.460219 1.166382 1.438275 1.621599 1.498554 1.337033 
1.078508 1.135943 0.881629 1.160315 1.612949 1.229232 1.477995 1.372089 
1.241161 0.905287 1.196245 0.911945 0.649611 0.834978 1.543375 1.228081 
0.904734 0.675662 1.243259 1.135721 0.635392 1.428631 1.472710 1.536032 
1.808391 2.041883 1.179359 1.025926 1.658959 1.351860 1.909459 2.119197 
1.021403 0.786347 1.273565 0.568089 1.373632 1.292491 0.885650 1.423760 
0.820838 0.974745 0.974629 0.841337 0.914042 1.144251 0.860897 0.608413 
1.018437 1.050750 1.570878 1.318737 0.697033 1.395976 1.254140 1.774064 
1.469970 1.472588 1.157629 0.902845 0.813072 1.661869 1.380850 1.562454 
1.600057 1.386981 1.521776 0.739634 0.610327 1.042297 1.232882 1.678785 
1.091913 1.551325 1.287130 0.987530 1.251316 1.209990 1.513571 1.605348 
1.183593 0.391775 1.588812 1.634430 1.317157 1.478400 1.409948 1.285261 
0.695924 0.786987 1.010584 0.885279 1.105697 1.035009 0.677498 1.185471 
0.887212 0.777077 1.242158 1.035072 1.048446 0.912603 0.686509 1.174664 
0.863487 1.132866 1.176786 1.196913 1.446355 1.012732 1.136243 1.515439 
1.184902 1.027365 1.480464 1.046806 0.877789 1.563235 1.367039 1.858994 
1.668628 1.542737 1.052649 1.479292 0.959757 1.467471 1.613033 1.565744 
0.936349 1.040866 1.095176 1.245590 1.091046 1.613289 1.291705 1.597065 
0.929483 0.839217 0.955143 1.349648 1.257289 1.256382 1.255808 1.042246 
1.340142 1.034905 1.211152 1.199631 1.618368 1.438102 0.873316 1.388830 
1.109477 0.772764 0.748015 1.153246 1.320127 1.129160 1.242954 1.461143 
1.673038 0.979271 0.785206 0.916638 1.970348 0.929976 2.063212 1.478592 
1.565768 1.662869 0.752929 0.944411 1.836720 0.921825 1.213484 1.619840 
0.917695 1.020723 1.315297 1.325508 1.046084 1.531796 1.470509 2.052810 
0.887342 1.420853 1.169315 1.527503 1.965399 1.609544 1.877834 1.610676 
1.013031 1.246238 1.337094 0.892660 1.194258 1.688051 1.515615 1.246307 
1.143802 0.892628 1.134539 0.725155 0.842381 1.316166 1.567932 1.669193 
0.934218 1.416522 1.029562 0.632593 0.981357 1.300015 1.491037 1.834112 
0.877091 0.826725 1.021262 1.189729 1.438060 1.308714 1.494006 1.305199 
0.741050 0.770101 1.340299 0.817854 1.432291 0.791006 1.188939 1.390599 
1.574188 1.131731 1.014943 1.194324 0.686613 1.153717 1.248989 1.106173 
1.335747 0.981264 1.531493 0.460808 1.132093 1.742086 1.642605 1.454919 
1.474582 0.943552 0.767141 0.731709 0.845201 1.365571 1.343718 1.107371 
1.186396 0.891975 1.470606 1.448259 1.400666 1.517026 1.243670 1.303986 
1.066568 0.836771 0.988946 1.252644 1.280906 1.515494 1.296408 0.932584 
1.309606 1.203640 1.644621 1.361147 1.458647 1.092256 1.356372 1.740357 
0.724211 1.147192 1.555759 1.083382 1.554484 1.276816 1.397188 1.545139 
1.271605 1.316972 0.936072 1.450025 0.841885 1.349041 1.680214 1.688832 
1.031024 0.684302 1.022760 1.233474 1.328564 1.123399 0.685063 0.854280 
0.527239 1.204231 0.996194 1.418014 0.794122 0.832913 1.234755 1.878600 
0.983658 1.297032 1.074880 0.898763 1.590796 1.305821 1.574284 1.303443 
0.715043 0.764525 0.742682 1.144331 1.331408 1.396166 1.078496 0.902688 
0.822535 1.234009 1.281071 1.090031 0.996354 1.301821 1.448474 1.475617 
1.335019 1.171685 1.468883 1.145900 1.101640 1.115544 0.757727 1.443602 
1.677561 1.072611 1.227739 1.078934 1.582007 1.871348 1.804105 1.811920 
0.857663 1.365877 1.178078 1.126214 1.127740 1.272436 0.772063 1.340803 
1.084024 1.310527 1.247743 1.627984 1.012008 0.946993 1.300530 1.391673 
1.006201 1.089551 0.881227 0.772631 1.364430 1.006073 0.847200 1.430235 
1.458028 1.238079 1.655991 1.360133 1.201083 1.383755 1.091118 1.861868 
1.193451 0.917096 0.978426 0.554506 1.087394 1.379534 1.214004 1.367447 
1.381237 1.599045 0.938375 1.311884 1.205268 1.296909 2.017197 1.011995 
1.361826 1.470689 0.687839 1.430211 1.229754 1.683243 1.654866 1.096130 
1.116027 1.396423 1.073945 1.593932 1.289078 1.627943 1.450203 1.095081 
1.281594 1.478805 1.613149 0.724675 0.970105 1.141610 0.878274 1.491380 
1.431628 1.177106 1.345536 1.452424 0.816649 1.259188 1.107642 0.900183 
1.326661 0.581552 1.325490 1.466865 1.348080 1.229863 1.188637 1.389718 
0.810720 0.807208 0.717745 1.138303 1.290521 1.685937 1.746160 1.217877 
1.312900 1.348917 1.212309 1.152958 0.834980 1.358641 1.798093 1.519271 
1.504061 1.335506 1.366090 0.899568 1.089163 1.184064 1.524657 1.102550 
1.238363 1.357877 0.859204 1.297977 0.997028 0.941459 1.431271 0.849257 
0.814052 1.120965 1.570074 1.492177 0.708601 0.676212 1.284961 1.774494 
0.839603 1.020421 0.689335 0.692326 0.963320 1.448570 1.246904 1.410713 
1.670751 1.135627 1.011952 1.110974 0.580442 0.970221 1.370801 1.781623 
0.776638 0.855367 1.191191 1.008750 0.807544 1.110284 1.325064 1.443869 
1.186176 0.963875 1.273295 1.039876 1.134431 0.953162 1.175089 0.819267 
1.165427 1.332471 1.109399 0.428978 1.303254 1.304296 1.436549 1.249366 
1.346672 1.282123 1.321213 0.696878 1.204050 1.062796 1.349317 1.448220 
0.714763 1.129150 1.139972 1.291596 1.206578 0.901570 1.379103 1.224903 
0.734813 1.451654 1.106708 1.137189 1.159054 1.198924 1.418611 1.010811 
0.942362 1.099836 1.317370 1.507805 1.300142 0.983933 1.202396 1.265020 
1.269198 0.715476 1.000905 1.547103 1.646989 1.553945 1.366875 1.626527 
0.916349 0.793388 0.672714 0.945444 1.280031 0.705266 1.498899 1.429113 
1.132573 0.485083 1.221022 0.819247 1.183026 0.870729 1.081535 0.750488 
0.886505 1.142696 0.655120 0.684154 1.532647 0.715662 1.608785 1.179095 
1.032414 1.167798 0.982220 1.029686 1.083279 0.735920 0.796861 1.068015 
0.767440 1.403485 0.916452 1.691385 1.096955 1.119265 1.757119 1.801342 
1.161870 1.474957 1.037787 1.292499 1.048302 1.208164 2.062304 1.600751 
1.012395 1.031966 1.293363 1.140873 1.363366 1.027655 1.380845 1.548053 
1.143888 1.112824 1.181214 1.362024 1.301869 1.336910 1.192780 1.117091 
0.871902 1.181563 1.304686 1.115825 1.481229 1.041133 1.344428 1.262693 
0.867810 1.111211 0.822481 1.497532 1.114769 1.021314 1.128930 1.767525 
0.683860 1.256843 1.671547 1.141969 1.172275 1.725492 1.261706 1.604543 
0.928786 1.128991 1.085191 1.170729 1.092157 1.258498 0.928419 1.238032 
1.364282 1.871819 1.814216 1.015111 1.560566 1.298385 1.505749 1.839361 
0.813184 1.415946 1.803217 1.191531 1.125329 1.193101 1.041439 1.360706 
1.378498 1.533013 1.175496 0.883133 1.282284 1.606863 1.664110 1.425226 
1.532168 1.557359 0.825069 0.822103 1.307971 0.873517 1.728045 1.991201 
1.676725 1.043287 0.729290 1.363895 1.159613 1.877252 1.379531 1.268889 
0.988045 0.743571 1.379006 1.197355 1.243654 1.274948 1.594887 0.892114 
1.371636 1.504822 1.575556 0.908361 1.015735 1.831047 1.493302 1.713528 
1.100456 1.298177 1.443063 1.433284 1.071300 1.199134 1.038496 1.330124 
1.032732 1.142105 1.634389 0.782645 1.126035 0.859268 1.532261 1.951070 
0.655296 0.618862 1.194533 1.106085 1.224044 1.060801 1.817925 1.729226 
1.318449 1.016798 1.458709 1.369036 1.383394 1.398803 1.624853 1.124754 
1.260607 1.163184 1.077499 1.160876 1.261769 1.561875 1.391147 1.115951 
1.608929 1.060241 1.338896 0.754432 1.193857 1.001207 1.031623 1.770288 
0.776793 1.276583 0.677294 0.836387 1.014850 0.857388 0.668341 1.459262 
0.882041 1.645949 0.976487 1.671983 1.307731 1.451200 1.773540 0.934275 
1.442609 1.264009 1.314565 0.759953 1.672879 1.378384 1.709138 1.493316 
