124 125 128 14 15 40 51 66 
127 128 26 40 51 66 91 92 
117 17 42 43 74 75 76 77 
103 117 17 52 75 77 93 94 
117 118 121 122 19 66 91 94 
17 22 40 45 46 68 92 93 
119 120 18 23 41 42 43 95 
118 121 122 19 49 50 70 96 
118 21 22 24 67 69 70 97 
21 22 24 25 46 95 97 98 
22 25 45 46 47 48 68 97 
119 122 23 48 50 68 72 73 
101 102 72 73 74 76 98 99 
1 104 105 27 31 54 81 82 
1 105 107 109 28 31 57 82 
105 106 107 31 32 56 57 79 
110 29 3 32 4 58 6 79 
104 27 30 54 7 80 81 83 
108 111 5 60 8 81 82 85 
109 112 31 33 57 82 85 86 
10 112 31 32 33 56 57 9 
10 108 11 32 56 6 60 9 
109 112 12 57 7 83 86 87 
10 112 33 39 63 88 89 9 
10 11 113 61 64 65 89 90 
106 114 2 36 37 53 63 78 
100 102 116 124 14 18 43 76 
101 125 128 15 40 41 52 93 
127 128 17 40 52 75 92 93 
101 102 18 41 42 43 74 76 
116 14 15 16 20 21 44 67 
16 17 21 22 42 46 92 95 
123 20 21 24 44 67 69 71 
102 103 123 124 50 51 73 96 
100 102 123 124 69 73 76 99 
100 26 49 69 70 76 77 99 
127 128 26 47 51 70 96 97 
101 125 128 47 48 52 71 72 
101 125 126 24 71 72 74 98 
1 108 109 2 28 29 6 82 
107 109 28 30 57 7 80 83 
107 110 3 30 32 57 7 79 
110 27 3 30 53 54 55 7 
111 31 33 54 81 82 84 85 
108 109 11 6 60 82 85 86 
10 11 110 113 32 58 6 61 
11 37 38 60 62 85 86 90 
11 113 115 12 38 65 86 90 
113 114 36 59 61 64 65 8 
111 113 114 115 12 34 65 8 
1 104 114 2 34 37 62 78 
115 28 29 38 4 65 80 90 
100 116 117 26 43 76 77 91 
116 119 120 14 18 43 44 67 
116 117 118 120 121 43 67 91 
116 118 16 21 22 67 91 92 
15 16 20 21 23 41 42 95 
117 121 122 17 46 68 93 94 
118 120 121 49 67 69 70 99 
118 19 22 45 47 70 96 97 
120 121 25 46 49 95 98 99 
123 124 125 128 47 51 71 96 
100 126 127 24 26 69 70 97 
25 49 74 75 76 77 98 99 
103 25 48 49 50 52 75 77 
1 104 108 2 5 78 81 82 
31 33 54 55 56 59 84 9 
109 11 113 12 58 6 83 86 
33 35 36 59 63 84 88 9 
114 36 37 59 60 63 8 9 
112 33 38 39 62 85 86 88 
112 115 12 13 38 39 86 87 
111 115 12 13 34 35 84 87 
107 13 3 30 39 64 79 89 
29 3 4 64 65 79 89 90 
13 27 3 30 35 36 53 64 
114 3 36 4 53 64 65 78 
103 117 26 51 66 77 91 94 
126 127 16 17 42 74 75 92 
101 102 103 18 41 52 93 94 
119 122 14 18 19 44 66 94 
14 15 19 20 40 44 45 66 
119 122 18 23 41 68 93 94 
119 120 123 44 67 69 73 99 
123 19 20 44 45 47 71 96 
20 23 45 47 48 68 71 72 
119 120 23 72 73 95 98 99 
100 123 124 125 126 24 69 71 
126 127 24 25 74 75 97 98 
127 128 25 47 48 52 75 97 
106 108 2 5 53 55 56 78 
106 108 2 29 32 56 6 79 
109 28 29 4 58 6 80 83 
104 4 5 58 78 80 81 83 
10 110 112 32 57 61 7 87 
111 114 34 37 60 62 8 85 
10 11 37 60 63 89 9 90 
10 112 13 39 61 64 87 89 
13 35 36 59 61 64 84 87 
105 106 27 35 36 53 63 88 
107 115 13 28 30 38 39 80 
104 115 13 27 30 34 35 80 
104 114 115 34 4 65 78 80 
102 103 124 14 18 51 66 94 
100 116 124 125 126 14 15 16 
100 116 126 127 16 26 91 92 
101 125 126 15 16 41 42 74 
118 19 22 40 45 66 91 92 
15 20 23 40 41 45 68 93 
117 120 121 17 42 43 46 95 
119 122 123 19 44 50 73 96 
20 21 23 24 71 72 95 98 
121 122 25 46 48 49 50 68 
103 26 49 50 51 70 77 96 
101 102 103 48 50 52 72 73 
105 106 27 31 53 54 55 56 
110 3 4 5 53 55 58 78 
108 5 55 56 59 60 8 9 
111 12 54 7 81 83 84 87 
110 54 55 59 61 7 84 87 
110 113 5 55 58 59 61 8 
111 113 12 5 58 8 81 83 
111 33 34 35 62 84 85 88 
1 104 105 27 34 35 62 88 
1 105 107 28 38 39 62 88 
105 106 107 39 63 79 88 89 
106 2 29 37 63 79 89 90 
1 2 28 29 37 38 62 90 
