1.210249 1.139858 1.389399 0.632882 1.176238 0.768401 0.578816 1.402188 
1.134495 1.387608 1.310688 0.608800 0.699202 1.320448 1.292591 1.032356 
1.423294 0.908473 0.886039 1.057553 1.379851 0.839888 1.404253 1.204119 
1.561780 1.475909 0.980716 1.078613 0.952918 1.215179 1.287365 0.923384 
1.818036 1.492483 1.502950 1.414996 0.968246 1.334914 1.178543 0.635618 
1.639169 1.648817 1.157308 0.485478 0.926056 1.497983 1.197215 1.005115 
1.212056 1.687068 1.053937 1.191510 0.800952 1.251148 0.957371 1.173086 
1.549482 1.839144 1.405545 1.074353 1.252791 1.408630 1.612464 1.064929 
1.755726 0.771474 1.173163 1.012680 1.309836 1.230243 1.504260 0.558363 
0.765101 1.495702 0.876708 1.630031 1.042576 1.478061 0.485627 0.953892 
1.609223 1.474470 0.638898 0.575920 1.033303 1.013894 1.628923 0.729026 
1.207746 1.613283 1.104630 0.842147 1.074150 1.236975 1.268195 1.211184 
0.936725 0.832493 1.209440 1.497953 1.221025 1.450803 1.096923 0.946714 
1.027810 1.520021 1.720505 0.614849 1.175348 1.832990 1.414714 0.952338 
1.327763 1.613691 1.538271 1.558062 0.604949 0.723710 0.986697 0.675925 
1.722169 1.206497 1.554110 0.584709 0.536238 1.450145 1.068968 1.432942 
1.389316 0.748747 1.078598 0.589353 0.873597 1.110348 0.975702 1.424951 
1.839869 0.915657 1.046419 1.431175 1.076222 0.455847 0.883640 1.232613 
0.977308 1.756890 1.147443 1.199570 0.887262 0.938305 1.399161 1.204249 
0.991541 1.524193 1.011406 1.582583 0.689285 1.304036 1.297928 1.033049 
0.419267 1.510583 0.954639 0.204118 0.985319 1.339553 1.063553 0.973542 
0.683115 1.263522 0.878205 0.301199 1.091714 0.808457 1.035895 0.907992 
1.467916 1.820151 1.610607 1.072933 1.300918 0.885299 0.662509 0.784336 
0.517342 1.521537 1.090088 1.226739 1.511591 1.653166 1.300386 1.201216 
0.836174 0.759493 1.560172 1.286476 1.436262 1.107819 1.158365 0.896977 
1.396605 1.685563 1.317666 0.865057 0.595561 1.639894 1.742834 0.628185 
0.864004 0.813437 1.825185 1.586356 0.634756 1.108530 1.131883 1.863252 
1.107550 1.083842 1.447945 1.031733 0.596372 0.830036 1.169574 1.620967 
1.075447 1.349954 1.239445 0.816332 0.866153 0.997012 0.838924 0.942760 
1.022584 0.978843 1.404101 0.915351 0.870841 0.952865 1.191128 1.415862 
1.435934 1.017706 0.964390 1.003625 1.115269 0.983831 0.510979 1.493225 
1.474930 1.549695 0.888318 1.526307 1.057051 0.919302 0.813238 1.443873 
1.467149 1.087226 0.612181 0.693728 0.519439 1.184346 0.883442 0.787291 
0.957024 1.555691 1.385495 1.872623 1.636981 0.993817 1.810530 1.471462 
0.931278 0.450372 1.142877 1.689515 1.280272 1.301141 1.387069 0.827762 
0.989730 1.245929 1.479327 1.349930 1.484987 1.558045 1.413216 1.181767 
1.119663 1.550697 1.195046 1.010565 0.701460 1.552680 1.581357 1.104330 
0.900303 1.526918 1.387051 0.675098 1.198717 0.922203 1.052515 1.442970 
0.668945 1.556535 1.325509 0.984917 0.987059 1.294181 1.072861 0.798273 
1.396146 1.513942 1.573019 1.161700 0.607152 0.918180 0.943576 0.803325 
1.982099 1.109101 0.738892 0.684783 0.819634 1.093935 0.638599 0.939897 
1.857601 1.308349 1.452007 0.553626 0.480545 1.070854 1.370626 0.970212 
1.287966 1.026578 1.552960 0.604988 1.363090 1.567326 1.397372 1.080438 
2.123075 1.339137 1.888740 1.977862 1.292662 1.366123 1.794581 1.127431 
1.089530 1.278193 0.653046 0.446751 1.037117 1.084769 0.956718 1.191761 
0.733007 0.473808 1.489396 1.091688 0.277917 1.116729 0.684660 0.896933 
0.985686 0.904620 1.035397 1.443869 1.769797 1.099272 1.478642 1.251162 
0.729998 1.040888 1.213379 1.332001 1.301461 1.005329 0.999374 1.045269 
1.111043 1.297620 0.939578 1.559546 0.954314 1.381601 0.735063 0.919893 
1.506675 1.250770 1.514104 1.376801 1.140501 0.664180 1.182757 1.079251 
1.141596 1.676654 1.692156 1.290997 0.731133 0.631694 1.637337 0.657122 
1.507736 1.086355 0.874000 1.216049 1.398674 1.010692 0.442974 1.132512 
0.795832 1.856354 1.698672 1.293663 0.571617 1.319837 1.174535 1.017996 
1.731334 0.905457 1.613944 0.974553 0.826986 0.679827 0.356895 1.328274 
1.963036 1.923264 1.797916 1.755876 1.774147 0.843256 1.195410 0.982665 
1.662956 1.473505 1.244358 0.886916 1.077844 0.884083 1.153848 0.858025 
1.051186 1.332829 0.691957 1.038437 0.900910 0.538917 0.968673 1.165975 
1.687853 1.673818 1.666512 1.133814 0.777187 1.586760 0.761140 0.419691 
1.260555 1.625875 1.801634 1.111430 0.989256 0.977629 1.149563 1.013151 
1.218473 1.269074 1.281928 0.683632 1.077251 1.330652 1.112078 0.637192 
1.809812 2.080055 1.578260 0.822419 1.250332 1.371145 1.072302 1.149796 
1.114923 1.186189 0.969764 1.199475 0.710566 0.493735 1.187075 1.552982 
0.828243 1.251007 1.153476 0.832111 1.261556 0.900346 1.431037 0.574825 
1.412980 1.302912 0.840097 0.838056 1.173852 1.383873 0.962225 1.015352 
1.162012 1.488284 1.080050 1.111553 1.610512 0.895500 0.937619 1.434411 
1.167646 1.351715 0.894304 1.079757 1.295593 0.633257 0.767971 0.624763 
1.055901 1.322544 1.720450 1.269067 1.046536 1.440293 1.468304 1.052798 
1.318546 0.884922 1.037245 1.226089 1.318663 0.662172 0.496411 0.771934 
1.074852 1.424529 0.948743 1.473728 1.321290 1.540495 1.565305 1.040654 
1.328555 0.666142 0.568591 1.321251 0.912621 1.527569 1.021215 1.015997 
1.736900 1.335114 1.157080 1.177921 2.062153 0.887715 1.234141 1.542199 
1.780516 0.970314 1.419711 1.236945 1.259636 1.186633 0.734923 0.544603 
1.553285 0.986914 1.188689 1.353888 0.815682 1.305550 1.561090 0.811853 
1.920775 1.295865 1.587744 0.464016 1.086298 1.039047 1.192622 1.262909 
0.821884 1.203951 1.024969 1.219983 0.861339 1.183217 1.204265 1.231414 
1.239207 1.223705 1.257804 0.380658 1.286234 0.847164 1.377356 1.044014 
1.433475 1.137129 0.746362 0.880583 1.322837 1.344566 0.937066 0.437783 
1.458347 2.077874 1.327701 0.830683 1.631186 1.440708 1.211146 0.680266 
1.150880 1.336009 1.327415 1.401611 0.547837 1.149853 0.948725 1.030621 
1.585185 0.939420 1.582252 1.277367 1.314662 1.120759 1.518890 1.026692 
1.360911 1.585501 1.140860 0.851473 1.200360 0.405215 1.233760 0.636082 
0.893415 0.922406 1.659634 1.283637 0.564878 0.479834 0.879412 1.188589 
0.731577 1.650505 1.133556 0.828719 0.709213 1.116368 1.240615 1.001258 
1.203792 1.623776 1.358757 0.415039 1.314482 1.231826 1.362506 0.974400 
1.375224 1.629246 1.409719 0.472561 0.879267 0.982932 0.991333 1.197821 
0.955587 0.663947 0.849828 1.051526 0.903290 1.220513 1.039155 0.973182 
0.986467 1.895124 0.782899 1.048576 1.369160 1.122673 1.290877 1.051117 
0.853515 1.313670 1.413453 1.168589 1.281361 1.071668 1.302636 1.037638 
1.400170 1.333361 1.071740 1.441256 1.223643 1.116943 0.707692 0.794454 
1.488741 1.531130 1.368440 0.871260 0.955731 0.864758 1.210269 0.934367 
1.357546 1.023238 1.199962 1.367733 1.358304 1.282351 1.382987 0.464445 
1.383598 1.041647 1.290022 0.747305 0.243808 1.437105 0.893421 1.460719 
1.281603 1.213605 0.671753 1.349411 0.944401 0.658693 0.572106 1.224936 
2.126975 1.388658 1.512366 1.121923 0.650740 0.550149 1.134002 1.455822 
0.786024 1.666542 1.283698 0.455613 0.934965 1.108038 0.977181 0.813435 
1.694360 1.509915 0.650696 0.947173 1.083349 2.025916 0.966645 0.746213 
0.504006 0.681673 0.942731 1.040434 1.570354 1.102206 1.052978 1.196314 
0.600164 1.544465 1.359824 0.990546 1.095077 1.327715 1.254577 0.975612 
1.351443 1.308637 1.118004 1.889947 1.272737 1.482715 1.663718 1.107169 
2.046072 1.392109 0.983671 1.548867 1.113144 1.699979 1.856730 1.662691 
1.914209 1.335747 1.398248 0.971885 0.764667 1.149973 1.058835 0.863566 
2.068622 1.419999 1.512141 1.103057 0.973708 0.861019 1.302378 0.489254 
2.012736 1.540876 1.631534 0.674337 1.368394 0.919897 0.696713 0.373742 
0.794736 1.495017 1.258437 0.572998 1.000860 0.485839 0.999371 0.905707 
0.797609 1.698212 1.178525 0.767520 1.214450 0.633282 0.743666 0.974177 
0.631653 1.603951 1.265130 0.866576 0.993800 1.162598 1.172887 0.863497 
0.945556 1.265575 0.984546 0.885872 1.006990 0.934275 0.921492 1.272164 
1.546405 1.102117 1.488076 1.020733 0.663305 1.293393 1.137869 0.768765 
1.368394 0.740692 1.055767 0.932836 0.578021 0.741315 1.431056 1.027520 
1.562379 1.683018 1.807002 1.174710 0.767699 0.771507 1.024491 1.473651 
0.921880 1.182456 1.371730 1.158392 0.363002 0.904995 1.063729 1.032510 
0.809621 0.824227 1.000319 0.821321 0.935543 1.297652 0.782837 0.819057 
2.067530 1.591786 1.656707 0.843690 0.732969 1.257951 1.295622 1.310303 
1.309296 1.407167 1.098175 1.366539 0.938188 1.353347 1.325642 1.238837 
1.006771 0.831479 1.722976 0.909977 1.437949 1.090537 1.047242 1.166463 
1.850888 1.199620 0.737787 0.482088 1.558019 1.558184 1.519712 1.275575 
1.004389 0.923220 0.707114 1.269660 1.283588 1.340487 0.978798 0.605102 
0.828545 1.054160 1.304743 1.092780 1.184702 0.590829 0.717984 0.988149 
1.672013 1.376064 1.477063 1.073947 1.306227 0.538829 1.620354 0.780776 
1.212666 1.415475 1.265148 1.519218 1.018974 0.827797 1.206780 0.998437 
1.142302 1.203929 0.882841 1.148778 0.887164 1.513765 1.078038 0.803524 
1.279375 0.993505 1.191369 1.076179 1.117333 0.684685 0.863339 0.829333 
2.072770 1.706307 0.588284 1.278920 1.661659 1.666906 0.949808 1.541895 
0.870508 1.559666 1.592764 0.846262 0.739798 1.507683 1.394366 1.333863 
1.057370 1.434707 1.722388 0.480829 1.256265 1.408401 1.493065 1.357918 
1.859134 1.352563 1.418579 1.120555 1.619950 1.079764 1.381981 1.164721 
1.095977 1.155294 0.746422 0.534245 1.650402 1.460057 1.281912 1.362800 
1.246369 1.248246 0.703875 0.814712 0.752911 1.064905 1.563337 1.240693 
