106 107 125 128 23 34 42 74 
105 106 20 33 34 36 37 71 
107 108 125 126 21 35 72 86 
110 111 126 21 39 40 72 86 
109 127 22 23 38 41 42 73 
105 106 112 20 24 71 76 79 
109 111 113 114 117 71 72 79 
109 114 115 20 24 71 73 79 
109 111 114 117 118 22 26 75 
110 115 116 119 23 25 73 74 
112 118 120 122 26 30 32 78 
121 123 24 76 77 80 81 82 
116 117 119 124 26 31 32 84 
120 122 30 32 33 35 41 43 
120 30 33 34 41 42 81 85 
121 123 125 126 34 37 81 82 
123 127 27 29 36 37 38 83 
123 124 126 127 37 39 82 83 
124 128 31 32 39 40 43 84 
2 47 54 6 8 89 90 94 
3 4 47 53 54 89 94 95 
44 49 5 50 87 9 91 96 
1 10 48 5 50 51 87 96 
100 12 54 59 6 60 8 94 
10 50 51 56 57 62 63 96 
11 13 49 55 58 61 9 93 
102 104 17 59 60 66 97 99 
101 102 103 104 67 97 98 99 
104 17 60 61 62 68 69 99 
11 14 15 56 61 62 68 69 
13 19 57 58 63 64 65 70 
11 13 14 19 58 61 65 68 
102 14 15 2 44 45 66 87 
1 15 16 2 64 66 87 89 
102 103 14 3 44 45 65 88 
102 104 17 2 45 46 66 90 
16 17 18 2 47 66 89 90 
104 17 46 5 68 69 90 91 
18 19 4 47 48 67 70 92 
104 19 4 46 67 68 91 92 
14 15 44 5 68 69 87 91 
1 15 48 5 64 69 70 87 
14 19 44 65 68 88 91 92 
105 108 22 33 35 41 43 75 
105 108 33 35 36 71 72 86 
109 111 36 38 40 71 72 86 
110 126 127 20 21 37 39 73 
110 127 128 23 39 42 73 74 
105 108 112 118 22 26 75 78 
105 106 112 118 22 23 25 76 
106 107 119 23 25 74 76 77 
105 108 112 113 71 72 78 79 
107 108 113 21 72 77 78 80 
110 115 116 20 21 24 73 80 
110 111 116 117 119 26 74 75 
112 118 120 25 30 76 81 85 
119 121 25 31 76 77 81 85 
119 121 122 26 31 32 77 78 
112 120 123 24 27 76 79 81 
114 115 123 24 27 29 79 83 
114 117 118 26 29 30 32 84 
114 115 118 25 29 30 83 85 
115 116 119 124 25 31 83 85 
121 125 128 31 34 42 81 85 
121 122 125 128 31 32 35 43 
120 123 27 33 34 36 37 81 
124 126 28 39 40 82 84 86 
29 30 32 38 40 41 43 84 
127 29 30 38 41 42 83 85 
124 127 128 31 39 42 83 85 
2 45 46 52 6 7 8 90 
3 4 45 46 52 53 7 95 
10 47 48 5 54 8 90 96 
1 10 48 51 55 88 92 93 
44 49 55 88 9 91 92 93 
12 50 51 56 57 59 6 94 
12 51 53 57 58 93 94 98 
11 49 52 53 58 93 97 98 
52 59 6 60 7 8 97 99 
100 101 12 53 54 94 95 98 
12 15 16 56 57 59 64 66 
100 101 103 12 16 18 67 98 
100 17 18 60 62 63 69 70 
101 104 13 19 61 67 68 99 
15 56 57 62 63 64 69 70 
102 103 104 3 4 45 46 67 
105 106 22 23 33 34 41 42 
107 108 125 128 35 43 74 75 
106 107 125 126 20 21 34 37 
109 127 20 36 37 38 71 73 
109 111 22 38 40 41 43 75 
110 111 128 39 40 43 74 75 
107 108 119 26 74 75 77 78 
106 107 20 21 24 76 77 80 
110 111 113 116 117 21 72 80 
109 114 115 118 22 23 25 73 
112 113 120 122 27 28 78 79 
113 121 122 28 77 78 80 82 
113 114 117 27 28 29 79 84 
115 116 123 124 24 80 82 83 
113 116 117 124 28 80 82 84 
120 122 27 28 33 35 36 86 
121 122 125 126 28 35 82 86 
27 28 29 36 38 40 84 86 
2 44 45 49 50 52 6 87 
1 2 50 51 6 87 89 94 
1 3 51 53 88 89 93 94 
3 44 45 49 52 53 88 93 
46 5 7 8 9 90 91 96 
10 4 47 48 54 55 92 95 
4 46 55 7 9 91 92 95 
11 49 50 52 56 59 6 97 
101 52 53 7 95 97 98 99 
60 61 62 7 8 9 96 99 
10 100 54 60 62 63 8 96 
10 100 101 13 54 55 63 95 
101 13 55 61 7 9 95 99 
11 49 50 56 61 62 9 96 
10 13 51 55 57 58 63 93 
102 11 14 15 56 59 66 97 
103 12 16 57 58 64 65 98 
102 103 11 14 58 65 97 98 
100 12 16 17 18 59 60 66 
100 101 13 18 19 63 67 70 
1 103 16 3 64 65 88 89 
103 16 18 3 4 47 67 89 
17 18 47 48 5 69 70 90 
1 19 48 64 65 70 88 92 
