1.567587 1.475510 1.203885 1.580608 0.924800 0.608788 0.674521 0.957486 
1.174475 1.685808 1.101948 0.888948 0.761723 1.379320 0.882033 0.930186 
1.614820 1.454085 1.127972 1.403760 0.971888 0.718038 1.006545 1.329454 
1.335348 1.394168 1.767893 0.892867 0.394604 1.010652 0.711132 1.464921 
1.643643 1.662398 0.944209 1.066664 0.904805 1.110546 0.869419 0.767742 
0.940919 1.578422 1.077608 1.164888 0.970598 0.883940 0.531664 1.050585 
1.704691 1.450606 1.993508 1.233315 1.100702 0.905071 0.484455 0.872660 
1.415561 0.988171 1.343647 1.276685 1.038672 0.787561 0.636405 1.214425 
1.338187 1.364423 1.072484 1.625191 1.295278 0.592418 0.595801 1.357074 
1.277584 1.317800 1.195133 1.249595 0.833966 0.447873 0.625421 0.963672 
0.908851 1.361038 1.279298 1.820260 0.708818 0.470807 0.654443 0.827294 
1.617551 1.555035 0.940093 0.970278 1.128765 1.642743 0.663430 1.070156 
1.012308 -0.369552 1.471631 1.520300 0.665017 0.357220 0.751748 0.975978 
1.483001 1.821919 0.711306 0.558619 0.001770 0.820754 1.169432 1.257904 
1.708413 0.604471 0.919271 0.995910 1.168680 0.773102 0.611644 1.034958 
1.402597 1.664664 1.166920 1.316957 0.758573 0.695944 0.567865 1.077159 
1.496044 1.402533 1.246130 0.939665 1.157948 0.653531 0.924316 0.718753 
1.454082 1.559077 1.707430 1.475357 0.617394 0.278645 0.995199 0.389567 
1.780753 1.633027 0.246475 0.691408 0.316277 1.070890 1.061525 1.426383 
0.491331 0.959650 1.163536 1.071918 1.032366 1.745774 1.523980 1.442877 
1.098892 0.969081 1.027799 0.929090 0.982244 1.714612 1.445288 2.239926 
0.777948 1.439638 0.514251 1.216341 1.747576 1.117739 1.463230 0.681722 
0.971028 1.225616 1.331699 0.466545 1.088359 1.105834 1.452158 2.000876 
1.721861 0.572292 0.975129 1.307249 1.118614 0.859139 1.034336 1.680229 
1.216836 1.327088 1.288164 1.185090 0.988726 0.973585 1.281497 1.744117 
1.234600 1.263425 1.340921 1.280740 1.209353 1.277664 1.223452 1.537656 
1.142395 0.964675 0.865996 0.997102 1.222327 0.818128 1.489136 1.530226 
1.534682 1.021175 1.581650 0.979931 0.588121 1.480788 1.075863 1.293986 
-0.461765 0.758232 0.926727 1.088431 1.197028 0.572454 0.888239 1.486589 
1.255036 1.074172 0.574900 1.101001 1.375436 1.215586 0.791439 0.959919 
1.153185 0.927922 1.067824 1.376455 1.423536 1.260972 1.566701 1.203017 
1.318325 1.487880 0.804378 0.956678 1.184312 1.471992 1.447801 0.642458 
2.078727 0.836126 0.602576 0.724002 0.981606 1.076109 0.988944 1.728015 
0.835090 0.615929 1.100102 0.534261 1.319134 1.360582 1.684689 1.769697 
1.315074 1.669341 0.817808 0.960102 1.023996 1.161435 1.068142 1.771901 
1.244979 0.945926 0.648240 0.695474 0.924426 0.691454 0.970429 1.550168 
1.120585 0.685360 1.114593 0.737558 0.890029 1.184220 1.944299 1.560733 
1.328692 0.861187 0.683714 0.474826 0.001061 0.973179 1.494476 1.621934 
1.365127 1.023009 1.273473 1.238635 1.261537 1.138916 1.238511 1.785440 
1.022661 0.911741 1.024118 0.660026 1.114141 0.419313 1.395279 1.548464 
1.014567 0.622313 0.787834 0.524062 0.519024 1.001457 1.623569 1.563364 
1.084564 0.576713 1.177070 0.634871 1.245074 0.878362 1.006346 1.913492 
0.930566 0.757660 0.755284 1.287945 0.670462 1.481098 1.336295 1.285399 
1.146080 1.440766 0.866690 0.976920 1.087228 1.021306 1.154055 1.289506 
1.201499 1.515389 0.787993 0.944051 1.142213 0.861232 0.744555 1.407516 
1.502904 1.667007 1.292330 0.872902 1.020998 0.852089 0.940247 1.632014 
1.741957 1.810907 1.474209 1.095083 0.934163 0.611165 0.335017 0.734764 
1.449622 1.462241 1.554287 1.046209 0.260882 0.594464 0.881598 0.909526 
1.088320 1.316950 1.080596 1.390833 0.795557 0.606367 1.380664 1.049997 
1.017731 1.581588 1.208298 1.221870 0.761923 0.781470 0.623029 0.727418 
1.592098 1.595828 1.522801 1.005908 0.811895 0.996625 0.743203 0.964340 
1.047276 1.505101 1.212877 2.085018 0.918338 0.671415 0.729720 0.740931 
1.909785 1.605678 2.124008 1.039642 0.730839 1.054929 0.973355 1.475267 
1.396961 1.500591 1.067290 1.279102 0.909407 0.914542 0.995115 1.469051 
1.203503 1.329341 1.297842 1.528885 1.583589 0.693504 0.985161 1.375462 
1.028707 1.330674 1.566005 0.594309 0.000314 0.774168 0.593398 1.012655 
1.491211 1.636528 0.625749 0.261846 0.994374 1.129004 0.612793 0.912611 
1.615750 1.393734 1.851411 0.843905 0.453966 0.654464 0.942666 0.971115 
1.022940 1.289934 1.593227 1.029238 0.950878 0.955100 1.008980 0.573607 
1.289546 1.487762 1.414390 0.003062 1.238671 0.768315 1.021175 0.593683 
1.022530 1.435697 1.443004 0.750571 0.794032 0.576021 0.761443 1.280408 
0.006000 1.244829 1.287122 0.476646 0.988838 0.517143 0.789359 0.001705 
1.345820 1.149774 1.645269 1.557756 0.602264 0.294544 0.444162 0.940652 
1.463992 1.330362 1.441016 0.256474 0.902787 0.674927 0.650131 1.031411 
1.282196 1.933924 1.232564 1.550638 0.441750 0.715697 0.647302 1.149046 
1.477511 1.495795 1.038041 0.805173 1.162279 1.261261 0.940086 0.573462 
1.778408 1.677613 1.615340 0.541215 1.361457 0.970884 1.222315 1.239203 
1.107034 0.144524 0.781834 0.993565 1.033611 1.089655 1.383250 1.567939 
1.411705 1.085857 0.671382 1.056410 1.220847 0.775847 -0.000048 0.884529 
1.854197 1.530553 1.863714 0.238180 0.259612 0.518287 0.592626 0.911109 
0.748159 1.137631 0.763544 1.619778 1.188666 1.408652 0.980661 1.498700 
1.419046 1.129303 1.160935 0.990487 1.512466 0.942605 1.205066 2.137883 
1.305394 1.051810 1.357197 0.480483 1.290931 0.908930 1.506486 1.966990 
1.044006 1.390350 1.172020 1.104341 1.349597 1.551447 1.324833 1.575701 
0.667807 1.459453 1.319024 1.622227 1.314804 0.003322 1.267542 1.647936 
0.807586 1.317025 1.075478 1.241718 1.242474 1.426618 0.936787 1.663052 
0.702741 0.964698 -0.229341 1.045581 0.962904 1.674101 1.586928 1.695109 
1.168887 1.585740 1.274007 0.888239 1.135915 1.935914 1.533023 1.431230 
1.248131 1.256869 1.181448 1.172339 1.229327 1.174518 1.480084 1.247587 
1.895606 1.125408 0.617280 0.682129 0.879509 1.796130 1.884100 1.590703 
0.781451 0.547663 1.229582 1.295321 1.095275 1.279566 1.333056 1.015942 
1.864552 1.608147 1.808880 0.000376 1.137468 1.140018 0.581022 1.574066 
1.775389 0.904951 1.103053 1.126799 1.355904 1.168137 0.138839 1.156086 
1.506325 0.991586 1.055298 0.988976 1.249794 0.670899 0.698598 1.265587 
0.587029 1.372763 1.051878 1.193547 1.399779 1.370966 0.755753 1.209166 
1.136857 1.665548 0.927089 1.026072 1.096768 1.077161 0.933446 0.595238 
0.846052 1.375637 0.820425 0.686226 0.743706 0.711433 0.809774 0.760313 
1.460034 1.255642 1.259438 1.284845 0.807105 0.843398 0.000619 1.199964 
1.455426 1.462602 1.237850 1.452122 0.931024 0.644375 0.554633 0.669500 
1.606853 1.317747 1.087148 1.171150 0.688217 0.659077 0.673599 0.617796 
0.162624 1.207547 0.708118 0.865477 0.850864 0.963844 0.920894 1.130118 
1.475301 1.400610 1.567066 0.363003 0.987061 0.870996 0.758733 1.059735 
1.447930 1.055867 1.289859 0.498620 0.684556 1.163549 0.907939 1.032291 
1.225897 1.399047 0.873912 0.651188 0.904568 0.714170 0.956766 1.710087 
1.218646 1.417550 1.836267 1.093763 0.989663 0.866775 0.424201 1.132679 
1.464126 0.972304 1.379073 1.080457 0.625716 0.961037 0.339458 0.662749 
1.039179 1.865636 1.211366 1.636747 0.826412 1.361701 0.614820 0.701491 
1.987932 1.335570 1.594169 1.167981 1.192957 0.737769 1.565886 1.035996 
1.889709 -0.248737 -0.054627 1.069574 1.428013 0.880798 0.621059 0.943831 
1.229568 0.992162 1.442458 1.156329 0.656281 1.427026 0.928376 0.290025 
1.814876 1.032120 1.183926 1.500674 1.556174 1.015120 1.075315 1.027723 
1.296451 1.585862 0.875609 1.363310 0.778204 0.774061 1.156149 1.094596 
1.063055 1.542064 1.330159 1.414753 1.427474 0.603930 0.990311 1.113440 
0.969653 1.642162 0.942057 1.122321 1.072563 1.043743 1.197968 1.228070 
0.598282 0.732213 1.074551 1.330103 1.088641 1.333122 0.853864 1.367360 
0.820343 0.503246 1.169780 0.903195 0.926739 1.388800 1.672238 1.227934 
0.672007 0.822560 0.772501 0.848343 1.395857 1.580474 1.462356 1.301525 
0.929146 0.597697 0.991153 1.174584 1.368666 0.815113 1.388489 1.267491 
0.456657 0.304809 1.232361 0.680205 0.907140 1.506455 1.385466 1.757873 
1.079066 0.766139 1.242014 1.073321 0.858620 0.866408 1.398395 1.893096 
0.789875 0.636433 0.906736 1.006799 0.993488 1.068487 1.237966 2.006700 
0.899525 1.248799 1.282267 1.349397 0.948348 0.975375 0.945783 1.511688 
1.135441 1.188888 0.594513 0.000849 1.771601 1.283539 1.253123 1.115483 
1.138067 0.942274 0.901901 1.147773 0.655462 1.095609 1.659584 1.459025 
1.125511 1.670879 0.943129 1.035998 0.826229 1.064754 0.731165 1.811837 
1.233805 1.666117 1.351413 0.976398 0.733110 1.205761 1.039120 2.028405 
1.334256 1.164712 1.269440 1.148292 0.841689 1.413148 1.755725 0.000615 
1.132842 1.320972 1.033815 1.018462 0.005332 0.917988 1.106842 1.576216 
0.917408 1.054456 0.884541 1.140577 0.801947 0.997213 1.241638 1.418418 
1.093249 0.885989 0.670028 0.601197 1.186825 0.887830 0.840631 1.377629 
1.298978 0.615453 0.932233 1.074669 0.880632 1.058263 0.927007 1.316389 
0.938070 1.370385 0.999825 0.594711 0.875945 1.142653 1.360549 1.166551 
1.801910 0.491528 1.162056 0.602256 0.985569 1.200470 0.917176 0.853476 
1.366613 1.357187 0.998600 0.948534 0.832499 1.003101 0.689591 1.196147 
0.855913 1.797419 0.953299 0.776413 1.049033 1.062324 1.628243 1.789011 
1.537290 0.693174 1.138993 0.730216 1.043194 1.113364 0.733960 1.658220 
0.612012 1.128770 1.011378 1.167359 0.513609 0.629669 1.184147 1.385025 
0.896361 0.778951 1.073207 0.923198 1.086970 1.318692 1.355019 1.397833 
