119 120 127 38 65 66 84 90 
104 127 19 65 66 67 84 85 
105 109 119 128 31 38 69 87 
107 117 119 121 16 32 65 69 
103 118 13 67 68 70 71 73 
108 11 12 17 18 33 74 82 
107 121 122 123 124 14 34 76 
122 125 14 15 34 72 76 79 
125 19 34 77 80 85 87 88 
21 22 23 40 41 48 92 96 
25 46 47 53 54 6 94 96 
47 52 53 55 6 94 95 97 
113 22 47 5 53 54 96 98 
22 23 48 54 7 8 96 98 
114 22 23 24 50 57 8 98 
100 112 114 4 50 51 52 95 
27 52 53 55 58 59 6 60 
101 25 29 56 57 58 6 63 
110 2 27 28 42 60 9 93 
109 117 119 38 65 69 83 84 
10 103 105 128 36 37 68 86 
10 103 105 13 14 15 68 71 
10 104 105 122 14 15 31 72 
105 106 108 15 32 68 69 71 
108 11 121 123 126 18 32 33 
109 123 124 126 38 81 83 84 
124 127 17 19 34 77 84 85 
19 36 75 77 78 80 86 88 
109 126 128 18 78 79 86 89 
125 38 80 81 82 87 88 90 
111 23 3 41 42 45 50 51 
112 114 24 25 4 46 50 57 
101 25 53 54 58 6 60 61 
115 27 55 62 7 8 9 99 
101 110 39 58 60 61 91 92 
102 110 21 28 60 61 92 93 
102 115 21 40 41 61 62 92 
1 20 26 3 30 45 59 64 
106 116 120 127 35 66 89 90 
10 104 117 37 65 83 84 85 
10 104 105 128 31 37 85 87 
104 118 19 31 67 85 87 88 
106 118 120 68 86 88 89 90 
105 106 109 128 68 69 86 89 
118 119 120 31 38 87 88 90 
106 108 11 116 117 121 32 69 
103 11 116 12 13 66 67 70 
10 104 107 117 121 122 14 65 
106 108 118 120 68 71 73 74 
105 119 15 16 31 32 69 72 
118 119 120 16 31 72 73 74 
107 12 124 16 17 74 81 82 
11 12 13 17 33 70 75 77 
11 121 123 13 14 33 75 76 
107 12 122 124 17 34 70 77 
108 18 71 73 74 78 80 82 
108 126 15 18 32 71 78 79 
127 17 18 33 35 82 89 90 
124 127 17 38 81 82 84 90 
127 17 19 33 35 36 75 77 
123 33 35 36 37 75 76 83 
125 128 34 37 76 79 85 87 
18 78 80 82 86 88 89 90 
109 125 126 128 38 79 81 87 
1 2 20 4 40 48 95 97 
1 110 2 39 47 94 95 97 
110 111 2 42 47 5 93 97 
21 22 24 43 44 49 5 93 
20 24 3 4 44 46 50 91 
111 113 47 5 53 55 97 99 
113 22 24 49 5 56 57 98 
100 111 114 23 50 51 8 99 
100 111 113 49 5 51 56 99 
100 49 51 52 56 6 94 95 
102 113 28 53 54 60 61 98 
102 115 54 61 62 7 8 98 
113 27 28 53 55 60 9 99 
102 113 28 29 56 57 63 98 
102 114 29 57 62 64 8 98 
100 113 28 30 56 63 9 99 
100 112 114 26 30 52 59 64 
100 30 52 56 58 59 6 63 
101 115 20 26 40 61 91 92 
1 115 2 20 26 27 40 59 
115 2 27 40 41 42 62 9 
102 21 28 29 43 44 63 93 
3 30 41 42 45 62 64 9 
28 30 42 43 45 63 9 93 
101 29 39 43 44 58 63 91 
1 30 39 43 45 58 59 63 
106 109 116 117 35 69 83 89 
10 103 116 117 35 36 37 83 
103 118 19 36 67 68 86 88 
106 108 11 116 12 120 66 74 
107 119 12 120 16 65 66 74 
10 103 11 116 117 121 13 14 
104 107 12 122 65 66 67 70 
13 14 15 71 75 76 78 79 
122 125 34 70 72 73 77 80 
125 16 72 73 74 80 81 82 
109 123 126 18 33 35 83 89 
128 36 37 75 76 78 79 86 
110 21 22 47 5 92 93 96 
111 2 23 40 41 42 48 97 
21 22 23 24 3 41 44 50 
24 39 43 44 46 49 91 94 
112 4 48 52 55 7 95 97 
24 25 46 49 56 57 6 94 
101 20 26 29 3 44 64 91 
103 116 127 19 35 36 66 67 
104 118 122 31 67 70 72 73 
107 121 123 124 126 16 32 81 
13 70 71 73 75 77 78 80 
125 126 15 16 32 72 79 81 
123 124 34 37 76 83 84 85 
110 39 46 47 91 92 94 96 
20 4 40 46 48 91 92 96 
111 42 43 45 49 5 51 93 
1 20 3 4 45 50 51 95 
1 39 43 45 49 51 94 95 
112 25 4 46 48 54 7 96 
111 23 48 55 7 8 97 99 
101 112 115 25 26 54 61 7 
112 115 26 27 52 55 59 7 
100 114 30 62 64 8 9 99 
101 112 114 25 26 29 57 64 
1 110 2 27 39 58 59 60 
102 21 29 3 41 44 62 64 
