1.771789 1.315392 1.377804 0.759664 1.313071 1.038768 1.230871 1.343502 
1.043399 1.491598 1.014336 1.260212 1.052206 1.450599 1.061527 1.478573 
0.833407 0.887695 1.926128 1.799255 1.223052 0.978605 1.715663 1.612829 
0.930477 1.122374 1.600867 1.642887 1.456447 0.806758 1.473634 1.440919 
0.527755 1.607651 1.137975 1.523484 1.335454 1.136955 1.065126 1.353278 
1.081382 1.370179 0.975301 1.307948 1.350356 0.675359 1.335644 1.004327 
1.068910 1.479596 1.634362 1.296982 1.788656 0.457635 0.964527 1.419188 
1.665900 1.538254 0.744770 0.994748 0.856702 1.336484 1.230934 0.991782 
1.579577 1.103104 0.875377 1.438710 1.401510 1.293924 1.142604 1.304489 
1.263607 1.191678 0.885391 1.478768 1.599483 1.512714 1.191481 1.218830 
0.845756 1.640861 1.287950 1.041373 1.630738 1.493923 0.867862 0.788416 
1.650977 1.396533 0.977449 1.526044 1.053700 0.917921 1.784433 1.221051 
1.614909 1.115599 1.457202 1.443442 1.155007 1.559425 1.181683 1.345905 
1.285623 0.751408 1.569131 1.604662 0.909317 1.584562 1.215223 1.198328 
1.569942 1.423217 0.709417 0.988112 1.764228 1.632489 1.504477 1.162648 
1.287269 1.559248 1.878040 1.338493 1.051884 1.663149 1.703319 1.046199 
1.032306 1.285120 1.347774 1.386246 1.346506 1.445836 1.179063 1.409314 
1.347835 0.981301 1.115757 1.314772 1.726563 1.307037 1.387511 1.510853 
1.416724 1.268061 0.788338 1.239579 1.074630 1.535790 1.563862 1.344439 
1.119060 1.217757 1.305961 0.990013 1.161392 1.306275 1.373932 1.506113 
1.264055 0.921081 0.601699 1.755616 1.175868 0.934607 1.411373 1.148201 
1.219072 0.548756 1.057491 1.159738 0.893531 1.362758 1.509664 1.009046 
1.183814 1.190574 0.952063 1.382390 0.694867 0.996468 1.515236 1.194048 
0.773280 1.033554 1.282770 1.254622 1.065800 1.530056 1.743047 1.291176 
0.809589 1.194445 1.470023 1.663803 1.401317 1.398231 1.187057 0.753124 
0.989521 1.498538 1.444921 1.358515 1.044254 1.349021 1.359857 1.510772 
1.622881 1.479408 1.312047 1.043206 1.009539 1.300838 1.149233 1.369773 
1.251883 0.870620 1.494985 1.019107 1.155779 1.164078 1.269781 1.043048 
0.775398 1.477761 1.813788 1.136061 1.225048 1.313622 1.148163 1.363382 
1.425650 0.714395 1.140730 1.463303 1.379878 1.407673 1.057446 1.480409 
1.852645 1.102846 1.040816 1.412904 1.406689 1.431632 1.498812 1.519711 
1.427335 1.576223 0.688677 0.945790 1.115305 1.654977 1.226350 1.722097 
1.581693 0.660181 1.200159 1.704207 1.294440 1.119981 1.365770 1.460786 
1.574908 1.048621 1.626319 1.091885 1.024799 1.392417 1.584014 1.179572 
1.438816 1.757770 1.454712 1.562093 1.582193 1.659242 1.335438 1.196287 
1.541190 1.737285 1.258871 1.169587 1.273013 1.436692 1.407626 1.311505 
1.472808 1.533831 1.073568 1.477103 1.149022 1.544157 1.398151 1.165724 
1.418128 1.178638 1.338478 1.014592 1.097615 1.367958 1.689264 1.833390 
0.960527 1.608253 1.370493 1.591314 0.713781 0.999026 1.431774 1.121841 
1.119367 0.779335 1.250043 0.895980 1.362052 1.428986 1.218148 1.518558 
1.396924 1.130247 0.861590 1.692260 1.286205 0.675768 1.652791 1.390538 
0.944424 1.699758 0.814229 1.071862 1.254098 1.171784 1.364451 1.000425 
0.751737 1.628443 1.548075 1.342324 1.098851 1.273679 1.369441 1.238546 
0.611349 1.055659 0.510288 1.733305 1.520683 1.522207 1.042509 1.504879 
1.537518 1.484222 1.206479 0.995056 0.708472 1.690929 1.217573 1.437065 
1.027377 1.151419 0.980412 1.186942 0.793843 1.339135 0.790520 1.271240 
0.325005 0.957856 1.513512 1.241275 0.981467 1.403037 1.607417 1.145042 
0.943217 1.109654 0.679615 0.874826 1.265809 1.573172 0.602243 1.354285 
1.118232 1.191622 1.257213 1.482284 1.149772 1.229222 1.230350 1.259829 
0.924705 1.134207 1.317383 1.029859 1.191884 0.734723 1.371325 1.277122 
1.565887 1.484135 1.393570 1.373100 0.925707 1.484265 1.443728 1.367509 
0.809000 0.827609 1.439361 1.420072 0.934100 1.051124 1.120968 1.162397 
0.857154 0.818215 0.827830 1.388000 0.687384 1.315474 1.354095 1.180601 
1.179648 1.314498 1.455696 0.969297 0.646172 0.870087 1.245665 1.168980 
0.698818 0.960573 1.667779 1.533523 1.036737 0.895196 1.327671 1.273590 
0.553047 1.030281 1.195310 1.500079 1.415755 1.011672 1.319318 1.186208 
1.074565 1.304951 0.887054 1.170817 1.011514 1.203430 1.026513 1.095975 
1.607513 1.224388 1.061169 0.735990 1.005967 1.002107 1.248232 1.155743 
1.472646 1.229541 0.999551 0.716249 1.448437 1.165204 1.179580 1.219074 
1.500615 1.323063 1.314163 0.808046 1.032875 0.736110 1.641722 1.230973 
1.352399 0.912304 1.197485 1.003683 1.028497 1.406322 1.371106 1.211460 
1.417702 1.584708 0.628027 0.896411 1.559964 1.125543 1.602839 1.339357 
0.921423 1.231140 1.385598 1.296619 1.144665 1.420347 1.123918 1.357078 
0.759800 1.322787 1.434075 1.411653 1.053378 1.052924 1.364594 1.337623 
1.378134 1.277560 0.738091 1.362201 1.341458 1.585645 1.156713 1.272157 
1.266881 1.189434 1.277142 1.393663 1.741488 1.193374 1.507024 0.990802 
1.309761 1.519276 1.273675 1.119860 1.552434 1.261629 0.976478 0.962817 
1.066057 1.231692 0.806293 1.496517 1.641690 1.363527 1.312366 1.082427 
0.804023 0.829848 1.074882 1.184360 1.458780 1.556680 1.262771 1.189492 
1.748216 1.646469 1.249230 0.977300 1.214624 1.616644 0.889544 1.199873 
1.590461 0.867185 0.778595 1.667670 1.220397 1.512216 1.780793 1.351936 
1.337161 1.881265 1.333509 0.491627 1.293218 1.674714 1.371648 1.113605 
1.567833 1.591710 1.815859 1.393084 1.147342 1.642984 1.540881 1.366833 
1.268474 1.484072 1.628161 1.390569 1.518164 1.149471 1.064503 1.107360 
1.435256 1.628082 1.255967 1.238255 1.437780 1.633945 1.353963 1.018598 
1.243797 1.654689 1.250896 1.208559 1.349210 0.944348 1.209244 1.068727 
1.993811 0.882770 0.780387 1.157426 1.640133 1.315794 1.787456 1.213159 
1.627081 2.019302 1.231917 1.161084 1.390106 1.665738 1.868886 1.431363 
1.395730 1.389436 1.225740 1.632776 1.268060 1.521284 1.224394 1.213680 
1.767417 2.095550 1.010757 1.044373 1.545810 1.871367 1.762437 1.143143 
1.287771 1.388757 1.472153 1.063158 1.289362 1.424971 1.810798 1.623726 
1.608829 1.159248 1.465517 1.252080 1.012296 1.526201 0.783470 1.621861 
1.464572 1.650742 1.150907 1.174941 1.458942 1.235813 1.562392 1.105042 
1.367320 1.717057 1.132796 1.160935 1.303832 0.728002 1.234686 1.572066 
1.864409 1.380079 0.671965 1.328166 1.352205 1.038031 1.358764 1.420749 
1.683422 1.013459 1.328911 1.076669 1.477303 1.387824 1.720121 1.483052 
1.021480 1.115599 1.213553 1.354559 1.687918 1.219012 1.543152 1.300941 
0.957110 0.947013 1.205071 1.563726 1.429100 1.907351 1.638157 1.163489 
1.205930 1.042132 1.587126 1.474336 1.577005 1.235446 1.426186 1.384386 
1.406233 1.226349 1.336687 1.403353 1.523352 1.202929 1.615640 1.718841 
0.747397 0.841364 1.674209 1.247809 1.014731 1.503098 1.558095 1.509347 
1.149503 0.810635 1.564009 1.076936 1.058535 1.240544 0.970768 1.391857 
0.715347 1.353253 1.252422 0.936414 1.353151 1.247232 1.358499 1.211553 
1.071479 0.934102 0.949889 1.379253 1.045682 1.751579 1.339311 1.262978 
0.849730 1.061567 1.427769 1.483788 1.186461 1.142723 1.235704 1.185927 
1.136878 0.913477 0.881273 1.492749 1.233504 1.464819 1.171777 0.768751 
0.893849 1.121914 1.199355 1.671650 1.470492 1.130153 1.500716 1.278864 
1.077481 0.579986 0.872213 1.194847 1.174103 1.291581 1.263144 1.093095 
1.524310 1.532377 0.796115 1.343376 1.223187 1.470428 1.260187 1.081441 
1.600530 1.120316 1.173303 1.471427 1.173226 1.360566 1.144543 1.446852 
0.925756 1.622632 1.524742 1.141728 1.009267 0.931415 1.380948 1.219408 
1.610208 0.931527 0.814833 1.398686 1.358898 1.218946 1.151374 1.271584 
1.747060 1.333465 1.087363 1.397672 1.405232 1.307539 1.438212 1.471358 
1.979597 1.507688 0.912930 1.270080 1.373226 1.409660 1.680104 0.970422 
1.033454 1.455370 1.068081 0.815178 1.174935 1.395378 1.493842 1.645042 
0.774180 1.632852 1.557860 1.691461 1.888323 1.754442 1.036799 1.244707 
1.398449 1.290958 1.367572 1.576209 1.502010 1.121332 1.263842 1.278083 
0.982227 0.658417 1.907954 1.784035 1.250387 1.845046 1.384660 1.084358 
1.648159 1.456262 1.451562 1.272561 1.139722 1.367428 1.701282 1.369843 
0.795094 1.502390 1.406612 1.028948 1.078776 1.081235 0.880378 1.295678 
1.094374 1.301434 1.726001 0.985842 1.205100 1.232782 1.390527 1.114238 
0.600296 1.641075 1.377281 1.719006 1.466794 1.266478 0.724633 1.140357 
0.733261 1.073161 0.806437 1.279017 1.088033 1.337869 1.149924 1.359585 
1.363986 1.308944 0.767840 1.462596 0.818378 1.038085 0.878907 1.166213 
1.406468 1.738709 0.843587 0.665473 1.513086 1.360191 1.449620 1.739915 
1.588141 1.632655 1.523972 1.509819 1.419451 1.201522 0.934723 1.078379 
1.119909 1.231301 1.504303 1.562976 1.432893 1.360601 1.018227 1.222085 
1.674376 1.582999 1.628018 1.470001 1.353725 1.341876 1.635496 0.916652 
1.666318 0.761812 1.245180 1.339500 1.371836 1.070760 1.505809 0.810931 
1.231330 1.408256 1.534516 1.206169 1.545749 1.512259 1.302018 1.263050 
1.784516 0.693205 1.329161 1.566135 1.285641 1.332704 0.991431 0.890146 
1.974606 0.450149 1.449797 1.639128 1.067042 1.500602 1.128087 1.146907 
1.493652 1.569993 1.539063 0.947256 1.182678 1.550513 1.237634 0.826625 
1.745437 1.705490 0.893667 0.892749 1.501800 1.496595 1.539943 1.122153 
1.685946 1.556476 1.064095 1.177164 1.436396 1.407121 1.620334 1.250023 
1.500230 1.755417 1.648082 0.832842 1.151709 1.147863 1.601836 1.651480 
1.170260 1.290296 1.254609 0.732962 1.484483 1.352693 1.323305 1.214375 
1.393433 1.054902 1.260419 1.051136 1.278499 1.485005 1.250173 1.420056 
