106 112 25 41 68 77 84 85 
113 127 25 26 68 77 85 86 
107 127 26 28 65 76 78 80 
106 107 108 128 41 65 76 78 
107 108 109 128 42 43 66 78 
110 113 67 68 81 82 85 86 
106 112 25 29 30 34 68 70 
106 107 108 114 115 29 31 65 
116 25 26 27 28 30 32 69 
107 110 115 117 119 28 32 66 
107 108 109 115 117 118 31 66 
108 109 116 118 27 31 33 67 
110 113 119 121 33 67 68 70 
114 120 122 124 125 29 34 35 
125 126 29 30 34 35 70 71 
116 29 30 31 35 71 72 73 
116 30 32 36 38 69 71 73 
117 118 120 124 125 34 39 40 
122 124 127 36 75 76 83 86 
122 124 125 35 41 76 83 84 
128 35 41 71 72 73 77 79 
123 128 40 43 72 73 79 81 
123 38 73 74 79 80 81 82 
124 125 39 40 42 43 83 84 
1 2 51 7 88 89 9 93 
2 3 49 50 87 89 9 93 
12 46 47 51 52 88 89 9 
10 3 45 47 50 52 89 9 
14 15 16 51 56 7 8 92 
15 16 17 51 55 7 9 93 
11 12 16 51 56 57 58 8 
10 17 50 52 59 9 96 97 
12 13 52 58 59 60 95 99 
14 15 18 53 60 7 92 95 
100 101 14 15 16 20 21 56 
102 17 19 54 55 61 62 96 
101 103 56 57 62 63 96 97 
102 17 23 59 62 63 96 97 
103 104 18 24 57 63 97 98 
103 105 18 22 24 57 58 60 
1 100 101 20 21 4 44 88 
103 104 24 45 5 63 90 91 
103 105 22 24 46 48 5 91 
106 111 112 41 65 76 83 84 
107 110 28 42 66 78 80 82 
108 109 128 27 43 67 79 81 
110 27 28 67 79 80 81 82 
109 112 43 67 68 81 84 85 
111 113 114 120 121 26 65 69 
107 114 115 26 28 32 65 69 
106 108 116 25 27 29 30 31 
110 116 119 27 28 32 33 67 
109 111 112 117 118 120 34 66 
114 120 121 122 124 36 69 75 
121 126 30 36 69 70 71 75 
114 115 122 29 31 35 37 72 
115 117 118 31 37 39 40 72 
116 118 123 31 33 40 72 73 
116 119 123 32 33 38 73 74 
118 123 125 126 33 34 40 70 
126 127 36 71 75 77 85 86 
122 127 36 37 38 76 78 80 
37 38 39 42 74 78 80 82 
123 126 74 75 81 82 85 86 
3 4 44 49 50 8 87 92 
10 11 45 5 53 90 91 94 
12 13 46 47 48 52 6 95 
1 13 2 48 6 7 93 95 
17 49 50 54 55 9 93 96 
13 15 55 60 7 93 95 99 
100 102 15 16 17 21 55 61 
101 103 16 21 22 56 57 58 
102 16 17 21 22 23 58 59 
104 23 59 63 64 97 98 99 
104 19 54 55 61 64 98 99 
101 19 20 3 4 44 62 87 
1 100 102 2 21 61 88 89 
101 103 3 4 45 5 62 63 
102 21 22 23 46 47 88 89 
102 23 3 45 47 62 63 89 
105 22 23 46 47 48 6 64 
104 23 45 47 6 63 64 90 
104 19 20 24 44 87 90 91 
1 100 105 20 24 44 48 91 
1 100 105 2 48 6 61 64 
104 19 2 6 61 64 87 90 
111 113 127 26 65 76 83 86 
106 108 128 25 27 41 77 79 
127 25 26 27 28 77 79 80 
110 111 113 42 66 82 83 86 
109 111 112 42 43 66 83 84 
106 111 112 114 120 29 34 65 
113 121 25 26 30 68 69 70 
110 111 113 117 119 120 121 66 
109 112 118 33 34 67 68 70 
114 115 122 32 36 37 38 69 
115 117 119 32 37 38 39 74 
117 119 120 121 124 39 74 75 
119 121 123 126 33 70 74 75 
125 126 35 41 71 77 84 85 
122 128 35 37 41 72 76 78 
127 36 38 71 73 77 79 80 
128 37 39 40 42 43 72 78 
124 39 42 74 75 82 83 86 
123 125 126 40 43 81 84 85 
1 4 44 51 7 8 88 92 
10 11 3 4 45 5 50 8 
11 12 4 46 5 51 8 88 
11 12 46 48 5 53 91 95 
10 13 45 47 52 6 90 94 
44 49 53 87 90 91 92 94 
1 44 48 53 7 91 92 95 
13 2 49 6 87 90 93 94 
14 49 50 54 56 8 92 96 
10 11 50 56 57 8 96 97 
12 16 17 51 52 58 59 9 
10 11 18 53 57 94 97 98 
11 12 18 53 57 58 60 95 
10 13 52 59 94 97 98 99 
14 18 49 53 54 92 94 98 
13 49 54 55 93 94 98 99 
101 14 19 20 54 56 62 96 
105 22 23 58 59 60 64 99 
104 14 18 19 20 24 54 98 
100 105 14 15 18 20 24 60 
100 105 15 55 60 61 64 99 
102 19 2 3 61 62 87 89 
101 103 21 22 4 46 5 88 
