1.598211 1.895544 1.574469 1.652927 1.477343 1.376318 1.604927 1.621107 
1.980461 2.009030 1.751061 1.456824 1.514263 1.605634 1.750767 1.571501 
1.959332 1.924561 1.576330 1.417701 1.167174 1.604838 1.445349 1.113812 
1.867876 1.903467 1.299642 1.886496 1.776723 1.232078 1.850841 1.174349 
1.800129 1.387377 1.691510 2.009222 1.839643 1.431743 1.181059 1.069770 
1.667746 1.791028 1.200136 1.593362 1.661086 1.500696 1.774260 1.547431 
1.659115 1.608153 1.782496 1.421046 1.574340 1.470710 1.506774 1.189388 
1.652065 1.588197 1.322152 1.617844 1.466741 1.322961 1.285786 0.920118 
1.461084 1.614879 1.649322 1.476777 1.333062 1.505064 1.564721 0.822548 
1.821573 1.770145 1.385559 1.505486 1.503327 1.453137 1.414202 1.001037 
1.594973 1.432725 1.527053 1.364391 1.806449 1.349888 1.258104 1.018745 
1.597296 1.559140 1.570030 1.394182 1.516798 1.297401 1.464774 0.910989 
1.784683 1.815168 1.668538 1.618179 1.506699 1.123480 1.668779 1.215479 
1.630506 1.530589 1.540593 1.657243 1.620395 1.432428 1.335327 1.475999 
1.628804 1.761452 1.240430 1.624786 1.450075 1.548048 1.269951 1.164863 
1.462106 1.378345 1.519915 1.426150 1.767152 1.063348 1.299551 1.534763 
1.284673 1.631825 1.427209 1.427019 1.500205 0.846941 1.403820 1.364242 
1.628254 1.516032 1.471211 1.431925 1.681673 1.395766 1.406699 1.450546 
1.680967 1.815025 2.082467 1.541008 1.150211 1.355043 1.502925 1.595470 
1.524737 1.698060 1.773988 1.458270 1.868601 1.569447 1.809939 1.423304 
2.058273 1.921476 1.818687 1.509668 1.278857 1.971233 1.685628 1.702679 
1.714356 2.061829 1.539536 1.489917 1.251466 1.612865 1.686875 1.154111 
1.814055 1.580053 1.152654 1.399724 1.746096 1.240536 1.331896 1.590064 
1.884809 1.761434 1.502332 1.405099 1.942081 1.655232 1.637288 1.251119 
1.406825 1.423656 1.285440 1.551231 1.798262 1.430056 1.581412 1.624062 
1.140218 1.462906 1.608367 1.625723 1.587326 1.414572 1.626653 1.666977 
1.902222 1.327587 1.247603 1.175812 1.652037 1.798810 1.463733 1.653522 
2.034380 1.726574 1.102915 1.217137 1.072518 1.535769 1.705736 1.732689 
1.942304 1.552284 1.719323 1.390570 1.349318 1.581266 2.019395 1.915945 
1.646178 1.570431 1.562225 1.273637 1.266791 1.444097 1.572620 1.785723 
1.785667 1.803986 1.707017 1.284989 1.471328 1.802624 1.481456 1.922109 
1.927817 1.622052 1.438353 1.436690 1.322736 1.896720 2.185113 1.840125 
1.901323 1.542128 1.561597 1.418802 1.315310 1.542528 1.992044 1.882163 
1.703571 1.620297 1.916615 1.293394 1.360004 1.489298 2.095578 2.021354 
1.443252 1.661567 1.629716 1.503742 1.751972 1.290436 1.347655 1.394744 
1.518223 1.423817 1.625857 1.547484 1.514207 1.073626 0.790719 2.119384 
1.791876 2.005729 1.455148 1.542076 1.141905 1.052789 2.105419 2.061452 
1.602209 1.366392 1.483072 1.377328 1.228211 1.241756 1.853834 2.002508 
1.953977 1.520253 1.864938 1.362634 1.352787 1.064475 2.201842 1.673510 
1.816942 1.679296 1.896037 1.463044 1.252654 1.615811 1.664077 1.401408 
1.412931 1.524746 1.535387 1.593131 1.137171 1.447893 0.965903 1.710199 
1.609636 1.412493 1.378702 1.155721 1.551315 0.960266 1.537139 1.615438 
1.472905 1.957013 1.352405 1.441729 1.305256 1.020332 1.493367 1.857284 
1.951414 1.946197 1.708161 1.985061 1.385320 1.726444 2.008903 1.530287 
1.751379 1.955009 1.285488 1.927130 1.103766 1.405295 1.644830 1.483952 
1.411778 1.776412 1.837196 1.554287 1.633498 1.305798 1.680900 1.597452 
2.105469 1.622387 1.335829 1.313340 1.749547 1.481993 1.592209 1.588302 
1.753516 1.785228 1.768519 1.482702 1.940037 1.537182 1.466883 1.853590 
1.831426 1.787926 1.919335 1.535081 1.868691 1.805380 1.190160 1.105946 
1.718447 1.714517 1.356482 1.933077 1.177804 1.436360 1.252939 0.936392 
1.677379 1.567290 1.560635 1.687720 1.338092 1.386654 1.621974 1.343539 
1.836366 1.511538 1.729448 1.694792 1.416769 1.402019 1.519086 1.094467 
1.780042 1.889845 1.634285 1.769206 1.354795 1.561336 1.503337 1.249490 
1.643795 1.440333 2.122934 1.400259 1.848701 1.599921 1.157170 0.976142 
2.160892 2.064243 1.784341 1.794850 0.980958 1.138318 1.339544 1.280096 
1.492392 1.593481 1.427674 1.350804 1.437537 1.695863 1.519883 1.304819 
1.428669 1.539303 1.282961 1.409000 1.421729 1.320458 1.462434 1.329914 
1.473648 1.572838 1.715369 1.356213 1.322694 1.530022 1.354699 1.431922 
1.815315 1.953654 1.904547 1.376511 1.353998 1.727560 1.408768 1.024232 
1.500021 1.709931 1.755796 1.747767 1.561187 1.536741 1.601314 1.270653 
2.129354 2.025290 1.657453 1.544156 1.540927 1.731898 1.726568 1.828366 
1.671961 2.231350 1.425852 1.639894 1.849970 1.513082 1.717778 1.362763 
1.534197 1.779198 1.547025 1.812345 1.289664 1.540663 1.571698 1.625299 
1.840815 1.943630 1.599113 1.530265 1.577925 1.783368 1.896167 2.111590 
1.653994 1.579550 1.065844 1.468433 1.459810 1.938724 1.994821 2.205477 
1.845040 1.922855 1.059193 1.810874 1.474599 1.622655 1.972172 2.177902 
1.850099 1.553490 1.533169 1.321082 1.232240 1.556609 1.543062 1.872526 
1.485684 1.558581 1.390908 1.108911 1.453289 1.481776 1.742515 2.070428 
1.701072 1.748961 1.507997 1.813469 1.232819 1.807006 2.031893 2.343740 
1.563200 1.735829 0.977232 1.446720 1.566147 2.013505 2.099351 2.147877 
1.607356 1.732122 1.620903 1.572551 1.653714 1.402786 1.116978 1.197142 
1.753892 1.679182 1.733002 1.294211 1.509446 1.588212 1.858393 1.742935 
1.703552 1.770030 1.534184 1.662728 1.653117 1.381277 1.645221 1.417875 
1.889113 1.704080 1.255160 1.220442 0.944634 1.981466 1.660005 2.179201 
1.564366 1.775477 1.428557 1.328053 1.464436 1.030923 1.813395 2.103585 
1.628486 1.449266 1.582345 1.571524 1.704039 1.022622 1.031726 1.745129 
1.394433 1.715268 1.492507 1.387608 1.175389 1.005291 1.853198 1.327085 
1.695122 1.675254 1.684809 1.479732 1.244374 1.588504 1.535483 1.380455 
1.610664 1.289499 1.516267 1.633020 1.338307 1.186679 1.793719 1.586535 
1.423750 1.484120 1.407881 1.503759 1.299853 1.200314 1.431338 1.486269 
1.886734 1.312344 1.477335 1.549226 1.323716 1.011122 1.610323 0.765917 
1.645953 1.502318 1.184107 1.247536 1.484664 1.326167 0.898979 1.489893 
1.421027 1.499282 1.618846 1.400208 1.154664 1.771487 1.390257 1.765103 
1.629937 1.533779 1.805641 1.553000 1.332080 0.968371 0.850212 2.118393 
1.442838 1.463753 1.845503 1.403542 1.011462 1.472013 1.021342 0.768091 
1.674127 1.492113 1.313030 1.341443 1.072887 0.933261 1.436569 1.489592 
1.900128 1.836165 1.967845 1.529974 1.393014 1.531792 1.730622 1.280504 
1.669623 1.595068 1.941530 1.669372 1.475544 1.681223 1.537709 1.533509 
2.031402 1.641939 1.660382 1.483854 1.488319 1.428945 1.713737 1.237610 
1.824863 1.753316 1.788055 1.903733 1.202560 1.363031 1.542490 1.612601 
1.703002 1.967841 1.842177 1.653205 1.538770 1.105568 1.481855 1.595017 
1.725441 2.043242 1.574903 1.557338 1.578777 1.149317 1.414181 1.150756 
1.815735 1.829086 1.507105 1.491939 1.509466 1.393561 0.908099 1.344420 
1.530802 1.907874 1.836859 1.726686 1.449004 1.536032 1.645016 1.124840 
1.631338 1.610076 1.355331 1.437349 1.452175 0.886173 1.676882 1.217570 
1.613731 1.396838 1.768084 1.370000 1.452120 1.518998 1.392758 0.900409 
1.409259 1.416188 1.564975 1.154510 1.552403 1.547087 1.591912 0.994026 
1.440370 1.662691 1.432021 1.818881 1.921137 1.502804 1.076744 1.105271 
1.573238 1.772701 1.692978 1.931105 1.268930 1.234996 1.304956 1.064667 
1.729622 1.669661 1.601230 1.784801 1.360598 1.826516 1.347349 1.610516 
1.741390 2.051395 1.566559 1.606283 1.605699 1.160366 1.387152 1.201757 
2.090593 1.554139 1.742807 1.528569 1.499622 1.664749 1.719885 1.156604 
1.886297 1.742724 1.669090 1.564055 1.752495 1.341133 1.053586 1.094450 
1.728213 1.486576 1.771309 1.554110 1.103075 1.519267 1.429420 1.841911 
1.802590 1.781037 1.761097 1.363336 1.647384 1.324348 1.277924 1.666077 
1.407541 1.532467 0.963520 1.247494 1.375836 1.892105 1.720926 2.111121 
1.915880 1.804756 1.767992 1.647741 1.056512 1.710357 1.263857 1.877238 
1.934883 2.005944 1.365283 1.099065 1.607939 1.455740 1.866609 1.954797 
1.745480 1.783367 1.325394 0.899692 1.680160 1.434566 1.935675 1.967827 
1.707962 1.409415 1.230463 1.334097 1.441708 1.336274 1.478065 1.766075 
0.826599 1.203075 1.235780 1.675528 1.297284 1.894729 2.220582 2.034000 
1.686578 0.842585 0.893081 1.247560 1.444367 2.058051 2.041229 1.929767 
1.398252 1.403200 1.193886 1.375401 1.652771 1.373249 1.738690 2.004192 
1.751319 1.701857 1.445659 1.358909 1.151490 1.903991 2.016442 2.076426 
1.809731 1.834968 1.175019 1.555612 1.617088 2.033061 2.100881 2.043367 
1.916304 1.596402 1.356368 1.396463 1.427080 1.506128 1.687462 1.630277 
1.768354 2.020509 1.956916 1.412721 1.499020 2.192571 1.866941 1.536966 
1.924414 1.987593 2.131044 1.305467 1.594388 1.745954 1.471468 2.033116 
1.694758 1.515628 1.478762 1.608848 1.883133 1.983975 1.727532 1.966425 
1.867850 1.945954 1.422001 1.267122 1.313069 2.201851 2.107891 1.634593 
1.201477 1.328519 1.669513 1.323252 1.739046 1.799351 1.603929 1.886095 
1.914630 1.757619 1.686100 1.507431 1.179029 1.240072 1.100109 2.358750 
1.905506 1.392033 1.527193 1.492514 1.504681 1.266538 0.578650 1.974099 
1.502052 1.681517 1.637689 1.596675 1.435655 1.473570 1.431523 1.848417 
1.440714 1.864868 1.685332 1.478578 1.855495 1.486528 1.374281 1.196443 
1.276324 1.740500 1.438914 1.234075 1.175536 1.276933 0.620398 2.088714 
1.493939 1.551079 1.265385 1.395546 0.791254 1.140082 1.608548 1.419662 
1.772209 1.635732 1.165674 1.481618 1.339686 0.971996 1.624297 1.741803 
