120 128 17 22 26 44 51 64 
117 126 23 40 41 50 63 77 
118 126 17 23 41 51 52 63 
101 102 117 119 23 41 42 77 
102 118 119 23 24 41 43 52 
102 119 127 24 26 43 44 65 
122 17 44 45 63 65 66 95 
118 17 41 45 63 66 68 93 
117 119 121 41 42 46 67 68 
124 48 69 70 74 93 94 97 
122 48 70 71 74 75 76 94 
103 128 22 49 50 73 76 96 
100 101 21 25 48 77 97 98 
101 102 123 21 23 77 98 99 
101 103 128 25 48 49 76 98 
102 125 127 24 26 74 75 99 
1 29 3 53 55 7 79 8 
104 105 106 29 30 79 80 84 
109 110 28 32 54 56 59 84 
108 109 28 31 32 34 54 60 
110 112 114 115 13 14 59 87 
1 104 114 12 27 38 61 79 
115 14 2 3 4 5 62 88 
116 16 5 6 62 80 83 89 
105 116 13 15 80 81 83 89 
1 16 37 38 53 6 83 89 
103 120 128 22 40 50 64 91 
120 19 20 40 64 71 91 92 
118 17 18 64 66 69 92 93 
118 18 43 69 70 90 93 94 
120 20 42 46 70 71 90 91 
125 19 20 45 47 49 95 96 
122 125 45 47 66 72 75 95 
20 46 48 49 70 71 76 98 
121 122 125 74 75 94 95 99 
103 125 126 127 47 49 50 96 
125 126 127 26 47 51 72 75 
128 22 26 51 72 73 75 76 
101 102 103 125 127 49 98 99 
104 2 27 28 54 56 78 84 
107 2 3 4 5 56 8 9 
105 106 108 31 4 81 82 9 
107 30 5 57 58 6 80 83 
1 53 55 57 58 6 7 83 
110 111 32 33 54 56 7 8 
106 108 112 31 34 60 87 9 
110 111 115 32 33 36 37 88 
10 11 116 13 15 34 87 89 
109 12 15 32 34 36 39 60 
104 114 115 12 2 27 36 78 
1 3 37 38 53 61 79 88 
116 3 5 61 62 79 80 88 
126 127 17 26 44 51 63 65 
19 20 40 45 63 65 91 95 
120 122 17 44 64 66 71 92 
117 19 40 41 45 63 67 68 
119 121 122 43 44 65 94 95 
120 122 43 44 70 71 90 94 
19 21 67 69 73 92 96 97 
121 125 20 46 49 95 98 99 
100 124 22 51 52 72 73 97 
102 123 124 23 24 52 74 99 
2 3 53 54 56 7 78 8 
1 104 27 28 29 55 79 84 
108 53 54 57 6 7 78 82 
111 29 33 55 7 8 85 86 
106 110 112 56 59 84 87 9 
107 110 111 112 113 56 8 9 
10 106 29 30 59 84 86 87 
10 106 11 30 31 34 58 87 
109 11 28 31 34 55 58 85 
111 33 37 38 61 85 86 88 
109 114 12 38 59 61 85 86 
10 11 113 116 16 35 62 89 
11 16 33 35 37 38 85 89 
109 11 12 15 34 38 85 89 
104 105 114 115 13 14 2 4 
103 126 127 40 50 63 65 91 
100 118 17 18 22 51 52 64 
100 118 18 24 25 43 52 90 
101 103 120 128 25 42 90 91 
101 102 103 119 127 42 65 91 
120 128 24 25 26 43 44 90 
117 18 19 40 64 67 69 92 
122 66 71 72 73 75 76 92 
124 66 69 72 73 92 93 97 
21 46 48 67 69 70 97 98 
123 124 126 23 47 51 52 72 
128 24 25 26 48 74 75 76 
105 106 30 31 58 80 81 83 
108 27 28 31 54 78 81 82 
109 28 29 55 59 84 85 86 
10 107 111 113 29 30 8 86 
10 107 11 113 30 35 57 58 
108 32 33 35 54 57 60 7 
109 110 114 115 12 32 36 59 
10 114 116 13 59 61 86 87 
112 13 14 15 34 39 60 87 
112 113 14 16 35 39 60 62 
104 105 114 116 13 61 79 80 
105 13 14 15 39 4 81 82 
14 16 39 4 5 6 62 82 
12 15 27 36 39 78 81 82 
100 117 18 22 40 50 64 77 
100 101 117 18 25 42 77 90 
117 18 42 46 67 69 70 90 
118 119 121 41 43 68 93 94 
119 121 20 42 46 65 91 95 
19 20 49 71 73 76 92 96 
123 19 21 45 47 67 68 96 
123 124 45 47 66 68 72 93 
121 123 21 46 67 68 98 99 
121 123 124 68 74 93 94 99 
100 21 22 50 73 77 96 97 
123 126 21 23 47 50 77 96 
100 124 24 25 48 52 74 97 
104 105 106 2 4 56 84 9 
107 29 3 30 5 79 8 80 
107 108 4 5 57 6 82 9 
1 27 28 31 55 58 81 83 
107 108 112 113 35 57 60 9 
11 33 35 55 57 58 7 85 
110 111 112 113 115 14 62 88 
10 111 113 116 61 62 86 88 
16 32 33 35 36 37 39 60 
115 2 3 36 37 53 78 88 
16 36 37 39 53 6 78 82 
1 12 15 27 38 81 83 89 
