1.313210 0.906950 1.266045 1.495113 1.068799 0.702709 0.430275 0.939228 
1.930802 1.147458 1.069491 0.897168 0.714591 0.979174 1.768324 1.629736 
1.243586 1.122684 0.941282 1.406651 0.682380 0.782792 0.826877 1.074261 
1.057388 0.876546 1.938293 1.921760 1.257221 0.707533 1.211934 1.482568 
0.720984 1.694305 1.859735 1.516690 1.408822 0.892428 0.894284 0.805857 
0.746615 2.029011 0.855893 0.969781 0.658528 0.788609 1.111046 1.433111 
1.665601 0.975762 0.855837 1.231780 1.338955 1.507512 1.163071 1.148179 
1.227057 0.803281 1.021572 0.861771 1.202355 1.228671 2.038861 0.993634 
2.023246 1.773830 2.088172 1.052849 1.019590 1.000425 1.445725 1.906571 
1.746014 0.493622 1.392781 1.469006 1.226658 1.202130 1.139323 1.329016 
1.580215 0.524250 1.292781 1.021490 1.445651 0.742380 1.154559 1.020259 
0.768897 0.982854 1.222076 0.774452 1.210844 1.163426 0.946323 1.449147 
1.192865 0.950292 1.591757 1.166991 0.854781 1.705087 1.448253 1.275749 
1.200936 1.168345 1.521330 1.362617 1.108901 1.438971 1.147037 1.501117 
1.265093 0.727774 0.844498 0.976560 0.626786 0.919483 0.992047 1.606423 
0.995339 1.458776 0.947982 0.636554 0.600252 1.378641 0.926070 1.377290 
1.537732 1.072789 1.070130 1.260070 1.472077 1.086775 1.076812 0.943082 
1.614778 1.275539 1.761195 1.576674 1.046693 0.991334 1.155823 0.952993 
1.652740 1.509137 0.786418 0.303505 1.388996 1.196170 1.221018 1.209064 
1.628663 1.636672 0.825941 1.021099 0.396341 0.868413 1.178712 1.418398 
1.181207 1.413981 1.050138 1.243427 0.536049 0.661227 1.292639 0.773827 
1.549700 1.770885 1.109841 1.103907 0.652993 1.004489 1.377536 0.924989 
1.278298 0.687175 0.768070 1.195462 0.790347 0.946250 1.310424 0.988497 
1.304037 1.071813 1.103345 0.958391 1.190493 0.868627 0.978672 0.969221 
1.442611 1.299694 0.683202 0.921514 0.768664 0.828199 1.199815 1.240214 
1.535296 1.307202 1.291050 1.357483 1.307937 0.918829 0.713989 1.310882 
0.813041 1.282094 0.552033 0.962165 1.148636 0.914969 0.786102 1.092798 
1.530870 1.385833 1.203872 1.068975 1.234363 1.227487 0.948882 0.619858 
1.330410 0.826290 1.148118 1.064578 1.009098 1.346775 0.768266 1.140195 
1.600110 1.102880 1.273064 1.174958 1.390940 0.881608 1.308278 1.426616 
1.566422 1.501355 1.548258 1.056546 1.589284 1.197152 0.818044 0.838029 
1.657342 1.294046 1.187690 1.339489 1.213087 0.775370 1.302118 1.596884 
1.427814 1.484377 1.159230 0.940177 0.997927 1.232037 0.910600 1.003928 
1.421861 1.351010 0.796277 0.608296 1.600977 1.028102 1.124310 1.478170 
2.326019 1.750569 1.393849 1.543929 0.640125 1.024666 1.146679 1.119946 
0.891234 1.715946 1.598179 1.420983 0.901155 1.082015 1.058469 1.633674 
1.279552 1.710984 0.795407 0.813524 1.059062 0.572982 1.395805 0.660509 
0.421116 1.069647 0.907320 0.505804 1.386271 1.291170 0.934869 1.003080 
1.493455 1.328652 1.085923 1.317105 1.259765 1.215262 1.514036 1.316223 
1.642846 1.069855 1.305560 1.177276 1.219466 0.941893 1.103690 0.998211 
1.236944 0.832123 0.882254 0.598441 0.587068 1.013283 1.057196 1.053512 
1.152912 1.498603 1.440469 1.056558 0.722172 1.197759 0.779041 0.844944 
1.470796 1.015364 0.553923 1.141181 1.499178 0.890096 0.872019 1.123103 
1.062245 0.812040 1.156608 1.307003 1.414910 1.194606 0.998931 0.791303 
1.438134 1.582025 0.685630 1.380386 1.036469 0.991857 1.130662 0.814937 
1.695673 1.380122 1.485724 0.828368 1.027582 1.228360 0.913105 0.967062 
1.448772 1.802506 1.659926 0.980217 1.582323 0.881916 1.644624 0.932656 
1.052016 1.462048 1.158538 0.632115 0.946644 0.787405 1.123550 1.113058 
1.514615 1.147730 1.191846 0.604666 0.597523 1.124942 0.724129 1.583560 
1.402277 0.732435 1.421244 1.246941 0.919783 0.861516 0.780503 1.390410 
1.216691 1.257095 1.327033 1.114566 0.864100 1.615857 0.605377 1.309114 
1.274883 1.073301 0.687641 1.449608 0.888765 1.201588 0.615529 0.836077 
1.497546 0.988588 1.041228 0.942952 0.491559 0.293409 1.312188 1.263347 
1.696131 1.321218 0.831189 0.971323 1.648246 1.321399 0.679739 1.020224 
1.186047 1.410772 0.893615 0.490081 0.896138 1.050640 0.990828 0.737024 
2.001472 1.506472 0.571305 0.791838 0.940281 1.744907 1.347044 1.747730 
1.649846 2.138675 1.770611 0.864057 0.921058 1.282519 1.398105 0.872901 
1.333735 1.314756 1.172905 0.944303 1.404851 0.804727 1.021375 1.194243 
1.267831 1.485511 1.286131 1.304780 1.502731 0.530730 0.675468 1.115806 
1.993972 1.466330 1.328833 0.792901 0.915999 0.940725 1.487929 1.305020 
1.173390 1.982123 1.062715 0.772682 0.900667 1.061800 1.288243 1.007080 
0.763808 1.753912 2.003107 1.453543 1.117900 0.663285 1.286951 0.932919 
1.175316 0.665800 0.958455 1.260934 1.279614 0.838296 0.725736 0.791057 
1.139052 1.589251 0.674392 1.189122 1.309806 1.380624 0.530735 1.356029 
1.521406 1.106167 1.131344 1.150098 1.002253 1.128278 0.933444 0.625754 
1.812551 0.858193 0.884589 1.145437 0.795028 0.971458 1.694520 1.302579 
1.696218 1.097872 1.359217 0.999500 1.217084 0.813380 0.695101 0.900915 
1.191025 1.261627 1.515929 1.099992 1.398497 0.935774 1.138501 0.889119 
1.323193 1.749557 1.430066 0.643903 1.416440 1.055173 1.268881 0.530396 
1.210005 1.864909 1.396154 0.616595 0.876626 0.751992 1.342224 0.834615 
1.839924 1.502010 1.106197 0.921548 0.651936 1.519092 1.231146 1.338602 
1.939440 1.485049 1.644239 1.444460 1.452847 1.774447 0.791493 1.232574 
1.354929 0.921448 0.733989 0.869438 1.345676 1.243953 1.679595 1.221622 
0.891476 1.515202 1.609263 1.080329 1.341095 0.827451 0.865861 1.024896 
1.554944 1.682043 1.619888 0.814141 1.294562 1.492088 1.632637 1.134664 
1.526275 1.634310 0.926546 0.936482 0.717532 1.131848 1.265559 1.338938 
1.254027 1.085566 0.917387 0.978196 0.320083 0.493947 0.690423 0.418854 
1.044537 1.393652 1.277571 0.896580 1.359275 1.448081 1.391455 1.082157 
1.305050 1.500458 1.202929 1.006079 1.285286 0.369410 1.167464 0.765480 
1.320052 1.703690 1.157476 1.144531 0.994720 1.078762 0.687324 0.926918 
1.092028 0.736732 1.450628 0.775084 1.010241 1.555108 0.837248 1.139571 
1.574166 1.143332 1.007939 1.679981 1.221559 1.222463 1.226650 1.059924 
1.287368 0.729754 1.034347 1.139801 0.601160 1.069937 0.730107 0.985539 
1.902500 0.848692 1.608607 0.792110 1.311873 1.370996 1.380410 0.933831 
1.404298 1.510128 0.869882 1.302359 1.645957 0.835111 0.918265 0.544473 
1.968427 1.535914 1.354151 0.923295 1.663462 0.717422 1.025327 1.046850 
1.559927 1.146992 0.998026 1.418377 1.141414 1.589424 1.180349 1.253986 
1.849898 2.012201 1.401893 1.319713 0.783365 0.942019 0.741199 1.367236 
0.822977 0.794250 0.971384 0.780221 0.492715 1.300475 0.610819 1.074955 
1.254460 1.826190 0.930507 0.899474 1.682357 0.982544 0.978508 1.296033 
1.356271 1.258292 1.072987 0.845289 1.105314 1.304403 1.237242 1.123385 
1.713041 1.141424 1.665824 1.919034 1.588145 1.537451 1.690482 1.385716 
1.329102 1.553725 1.535056 1.479020 1.408150 1.040492 1.045393 1.102252 
1.118495 1.665284 1.374122 1.577916 0.867095 0.679049 1.375606 1.377743 
1.185241 0.783015 1.349456 1.064124 1.184325 1.174230 1.327982 1.139245 
1.341980 1.237271 0.989914 1.707067 1.144296 0.737117 0.974376 0.846823 
1.290427 0.969599 1.336184 0.723724 1.314291 1.294826 0.943337 0.772177 
1.220584 0.563965 0.782415 1.251349 0.840934 0.434168 1.503000 0.770766 
1.356588 1.514041 1.065711 1.637852 0.871080 0.310916 1.471472 0.859681 
1.224798 0.946020 1.049781 1.343871 0.439304 1.375108 0.863541 0.811660 
1.094099 0.445806 0.961975 1.039939 0.496785 0.748764 0.798336 1.246264 
0.936537 1.407238 0.444991 0.654062 0.505874 0.770284 0.758965 0.872922 
1.250378 1.105372 1.149135 0.973104 0.669322 1.435908 1.003529 1.240527 
0.832779 1.518110 0.866173 1.328607 0.811191 0.731750 1.004184 1.550225 
0.905785 0.905259 1.572118 0.796542 1.160484 1.113093 1.645918 0.743068 
1.605695 0.891286 0.989755 0.911247 1.376168 1.255590 1.565295 0.795612 
1.500834 1.690013 1.818188 0.754846 1.027678 1.646488 1.050622 1.540550 
1.802706 1.994315 1.498236 1.329725 1.026604 1.524528 0.800008 0.805564 
1.568600 1.324524 0.547518 1.240144 1.300949 1.023562 0.469090 1.053499 
1.602632 1.466916 1.343082 1.209534 0.867164 1.235566 1.828122 1.153104 
1.670881 1.800335 0.871289 0.683658 1.383799 1.613517 1.181708 0.618126 
1.982398 1.473365 1.381141 0.927817 1.256775 1.567034 0.979229 1.030699 
2.029599 1.718302 1.640329 1.785374 1.542185 0.859358 1.273671 1.048693 
1.239347 1.513147 1.169120 0.696504 1.412749 1.755601 1.186752 1.073419 
1.505857 1.377626 1.184925 0.964626 0.869556 0.793543 1.192678 1.413764 
1.376305 1.768162 1.068536 1.025927 0.532591 0.832669 1.289833 1.222721 
1.141263 0.908220 1.338233 0.920968 0.764688 1.078700 0.872323 1.009067 
1.396889 0.989515 0.861746 0.843232 0.866779 0.811086 0.844722 0.968790 
1.340148 1.301133 0.946416 0.775601 1.120937 1.196491 0.580266 0.968410 
1.216138 0.933730 1.080036 1.038812 1.377186 1.382208 1.072826 1.035125 
1.066603 1.091020 1.291586 1.392582 0.955528 1.178062 1.118419 0.833295 
1.478010 1.140914 0.981176 1.320865 1.343611 1.120744 1.082425 1.224894 
1.030460 1.534875 1.059174 1.356472 1.193659 0.450291 0.968301 0.784351 
0.963028 1.630746 1.246139 1.097026 1.445318 1.161539 1.002638 0.856692 
1.600776 0.922204 1.537382 0.938827 1.125373 1.271714 0.259693 1.433695 
1.535715 0.750163 0.810608 0.874628 1.554170 1.188976 0.780381 0.814854 
1.289103 1.076983 0.933680 0.454945 1.076584 0.760710 1.115625 0.925540 
1.319514 1.241724 0.996053 0.802352 0.803242 0.923844 1.003896 1.410683 
