16 25 26 48 64 74 94 98 
102 118 127 38 76 77 96 97 
117 119 120 16 37 41 66 94 
100 118 19 38 42 44 96 97 
100 118 20 39 44 65 69 97 
119 120 121 122 126 45 68 73 
119 122 124 40 41 42 70 71 
100 124 19 21 23 42 44 72 
100 121 126 20 22 23 47 67 
103 122 126 25 47 70 74 75 
123 24 26 45 48 49 52 73 
103 123 24 47 49 52 70 75 
101 123 21 45 46 48 49 76 
123 124 127 21 49 70 75 76 
102 124 127 21 23 72 76 77 
1 105 107 27 28 29 3 84 
108 55 56 59 79 81 86 88 
30 56 79 80 82 86 87 88 
107 32 4 62 8 85 87 89 
34 5 57 58 59 60 61 9 
13 14 15 32 36 62 8 89 
112 113 114 33 9 90 91 93 
112 114 115 15 34 8 9 90 
11 110 115 12 31 34 61 63 
1 10 114 56 78 81 92 93 
1 11 27 56 63 82 92 93 
16 26 39 48 49 52 95 98 
101 117 16 38 48 49 76 95 
120 16 39 68 69 95 98 99 
18 39 43 44 68 69 97 98 
120 123 24 45 68 69 73 99 
125 19 21 43 44 46 66 72 
121 125 126 22 43 67 68 73 
100 20 23 24 44 47 69 72 
122 124 127 50 70 71 74 75 
101 125 21 46 51 72 76 77 
104 105 106 108 3 55 79 86 
107 2 28 4 54 80 85 87 
27 29 30 5 53 58 82 83 
106 57 58 60 61 7 85 89 
106 108 109 3 7 86 90 91 
106 108 4 7 8 85 89 90 
110 30 32 33 86 87 88 91 
110 30 32 34 4 5 8 87 
109 11 111 13 31 6 62 92 
109 111 113 13 32 36 62 91 
10 114 115 12 34 60 61 9 
1 105 11 111 13 27 28 92 
11 12 13 14 27 28 53 54 
104 105 111 112 113 35 55 79 
113 36 56 63 79 80 82 93 
11 115 12 27 53 63 82 83 
103 116 39 49 52 65 75 95 
116 127 38 49 75 76 95 96 
102 118 127 128 17 37 50 96 
128 17 18 25 26 51 64 98 
116 119 121 20 40 64 65 94 
116 20 39 40 65 69 95 99 
100 118 121 17 20 64 65 67 
119 121 122 126 20 40 47 70 
123 20 24 40 47 69 70 99 
120 123 19 21 45 46 66 99 
125 24 26 51 52 72 73 77 
1 56 57 59 78 81 84 88 
5 53 57 58 59 78 81 83 
107 109 3 32 62 86 87 91 
108 33 59 86 88 9 90 91 
110 29 30 31 33 6 84 88 
110 29 30 31 34 5 58 61 
10 12 14 35 60 61 7 89 
109 111 112 113 35 7 90 91 
110 115 15 32 34 36 63 8 
11 110 31 33 6 63 92 93 
1 10 104 105 111 35 78 92 
10 104 12 14 35 53 54 78 
13 14 15 2 28 36 54 80 
115 15 2 36 63 80 82 83 
103 116 25 64 65 74 75 94 
101 117 128 17 18 37 50 51 
101 117 18 38 51 76 77 97 
102 103 118 128 17 25 64 65 
18 26 39 51 52 77 97 98 
102 103 118 39 52 65 77 97 
119 120 121 16 64 68 94 98 
116 19 38 40 42 95 96 99 
117 17 18 37 41 43 66 67 
117 18 19 38 43 44 66 97 
121 17 18 43 64 67 68 98 
123 124 19 21 40 42 70 99 
100 124 22 23 41 42 67 71 
125 22 41 43 46 66 67 71 
122 126 25 26 45 48 73 74 
125 126 128 22 25 26 51 73 
1 104 105 106 3 57 78 84 
107 27 28 29 53 54 58 85 
104 106 108 2 4 54 55 85 
2 30 4 5 80 82 83 87 
1 27 29 30 56 82 84 88 
107 29 31 58 61 62 85 89 
108 34 4 5 59 8 9 90 
105 111 113 13 28 36 79 80 
112 114 115 15 2 55 81 83 
10 114 115 12 53 78 81 83 
116 127 37 50 74 75 94 96 
101 117 16 37 48 50 74 94 
116 119 37 40 41 42 94 96 
117 120 16 19 38 66 95 99 
100 118 17 37 41 42 67 96 
119 120 122 41 45 46 66 71 
125 24 43 44 68 69 72 73 
101 122 45 46 48 50 71 74 
102 124 127 128 22 23 50 71 
101 125 128 22 46 50 51 71 
102 103 126 128 22 23 25 47 
102 103 23 24 47 52 72 77 
104 106 53 54 57 58 78 85 
105 107 28 3 79 80 86 87 
108 2 4 5 55 59 81 83 
106 109 3 57 6 60 7 84 
107 109 29 3 31 6 62 84 
33 57 59 6 60 84 88 9 
10 109 111 35 6 60 7 92 
11 12 13 14 31 61 62 89 
112 14 15 35 7 8 89 90 
110 113 32 33 36 63 91 93 
10 114 33 6 60 9 92 93 
104 112 14 15 2 35 54 55 
112 113 114 55 56 79 81 93 
