1.350657 0.814703 1.123063 0.687681 1.300504 1.464868 1.188658 0.392585 
1.032416 1.997715 1.827388 0.846608 1.241110 1.158585 1.362077 0.715042 
1.135520 2.123618 1.144106 0.927429 1.567900 1.017945 1.314383 1.219002 
1.120593 2.017263 1.373830 1.060011 1.107241 0.726612 1.768059 0.633683 
0.776789 1.791459 1.355043 0.980973 1.091554 1.218619 1.372441 0.760969 
1.558542 1.487977 1.359923 1.462469 1.332690 0.776700 0.969331 1.320463 
1.929750 1.527839 1.648526 1.102768 0.897505 1.088435 1.340567 1.528504 
1.256395 0.976818 1.108921 0.683655 1.130745 0.849430 0.691384 0.877749 
0.888116 1.109173 1.425435 1.399635 0.929549 1.413794 0.876985 1.187269 
0.850564 1.685098 1.225770 0.902100 0.943964 1.246012 1.414298 1.412595 
1.465377 1.284016 1.252123 1.029628 0.956032 1.153799 0.624523 0.963806 
1.302292 1.362687 1.228559 1.100338 0.960278 0.874904 1.252298 1.512020 
1.500379 1.289626 0.709396 1.059605 1.111025 1.071428 0.763074 1.272715 
1.471362 1.149804 1.772358 0.537563 0.646214 1.311978 1.376582 0.768210 
0.888576 0.612013 1.575007 0.715977 1.179014 0.830782 1.013977 1.332030 
1.325739 1.142239 1.459184 0.566531 0.715313 0.948133 0.966256 1.159388 
1.217714 1.420908 1.495246 1.601424 0.881767 1.005420 1.475977 1.170826 
0.964284 1.653170 0.789299 1.309071 0.931237 1.383164 1.154383 1.406042 
1.846955 0.691278 0.801798 1.168135 1.362348 0.713500 0.929331 0.909957 
0.566803 0.867690 1.473236 1.246614 1.138047 1.510662 1.623234 1.261355 
0.676378 1.213467 1.303134 0.911293 0.922828 1.444119 1.055600 0.629457 
1.541365 1.593628 1.203503 1.419428 1.327872 0.841474 1.401816 1.261239 
1.456964 1.184947 1.200206 1.180357 0.600249 0.916877 1.361178 0.602229 
0.992480 1.751674 1.503860 0.808877 0.856714 0.575231 1.406938 1.373215 
1.051341 1.523103 1.421635 1.230495 1.214669 1.331580 0.886312 1.191117 
1.169254 1.068494 0.369685 1.256857 1.384348 0.987866 0.951362 1.116831 
1.569435 1.381420 1.266817 0.717522 1.451814 1.140205 1.606724 0.546591 
1.144807 1.316621 1.353825 0.763952 1.124936 1.371825 1.588101 1.252074 
1.414468 1.133223 0.993129 1.089149 1.549341 1.142036 0.916571 0.923481 
1.032608 0.886704 0.439994 0.897978 1.220842 1.252547 0.801876 0.843215 
1.798660 1.618204 1.086405 0.797448 0.967080 1.324171 0.960207 0.970487 
1.750721 0.902141 0.892046 0.513566 0.612817 0.974387 1.489405 1.104528 
1.120188 1.471409 1.055140 0.812947 0.399036 1.062474 0.795296 0.810591 
0.796061 1.662729 1.565570 1.306016 0.820629 0.965946 1.212484 1.134447 
1.578551 1.022889 1.765334 1.220999 1.055371 1.519389 1.412273 1.167153 
1.171851 1.628551 0.864137 1.041659 0.730322 1.071749 1.034732 1.179480 
1.605875 1.213952 1.170481 1.190453 1.277750 1.203375 0.853480 1.118205 
1.992740 1.255509 0.658636 0.770635 1.479395 1.285164 0.503658 0.763923 
0.602946 1.160195 0.734494 1.185688 1.432293 1.346210 1.163745 0.861430 
1.041095 1.246603 1.259223 1.274447 1.346664 1.296007 0.627964 1.087265 
1.178817 1.715338 1.292250 1.193876 1.356098 1.252834 1.161030 1.399427 
1.235698 1.292897 0.377068 1.436062 1.038425 0.618403 0.870284 0.983358 
2.213592 0.932592 1.210814 1.779525 1.628909 1.370592 1.828152 1.608557 
2.226001 0.846397 0.765885 0.550049 0.418790 1.392038 1.277886 1.274252 
1.415349 1.009577 1.458877 0.852588 0.811359 1.638818 1.303282 1.126529 
1.774860 1.410319 1.813460 0.854222 0.776637 0.900040 1.240492 1.113870 
1.334447 1.298419 1.226644 0.738826 0.262023 1.180197 1.276956 1.159403 
1.171948 1.182135 1.184335 1.458465 1.086371 0.150508 0.854888 1.060835 
1.094121 0.773004 0.625178 1.260659 0.602459 0.819275 1.328088 1.340696 
1.504311 1.311262 1.314590 1.533340 1.546932 1.097568 1.243317 0.926121 
1.815764 1.226218 1.675093 1.678625 1.086083 1.649206 0.583685 1.206757 
0.797154 1.139426 0.784229 0.379311 1.419949 1.053320 0.793795 1.062228 
1.150313 1.853159 0.935394 0.944135 1.071092 1.331639 1.253196 1.039870 
1.853443 1.501310 0.650841 0.867411 1.104890 1.131261 1.336578 1.384786 
0.850295 1.563531 1.869993 1.861856 0.972025 1.319919 1.245120 1.326418 
1.655148 0.956729 0.860193 0.578675 0.871779 0.546981 1.041751 0.157380 
1.970477 2.122335 1.182483 1.327327 0.810845 1.264681 1.200778 1.262481 
1.945785 1.235128 0.649988 0.951983 1.042939 0.927073 1.218031 1.191104 
0.346333 1.557794 1.166921 1.007358 1.110731 1.158200 1.061484 1.063844 
1.710826 0.854906 1.309173 1.211931 1.470349 0.926612 0.772789 1.368086 
1.306622 1.552055 1.096492 0.933808 0.745370 0.985068 1.340921 0.922653 
1.573526 1.439153 0.815138 0.946522 0.840695 0.842101 1.111500 0.605932 
1.396448 1.055663 1.074213 0.615368 0.402053 1.029693 0.620112 1.508846 
1.122537 1.359173 1.534401 1.421210 1.016952 0.940114 1.266408 1.140948 
0.732475 1.198018 1.291353 1.039617 1.145347 1.137294 1.195543 0.667884 
1.188040 1.565328 1.072724 1.021196 1.079148 1.326784 0.749293 1.574009 
1.073754 1.244885 1.197570 1.384396 1.069846 1.121420 0.855572 1.530116 
2.294941 1.108103 0.924678 0.903464 1.304217 1.738547 1.144497 1.731214 
1.881107 1.241586 0.606103 0.942407 0.251413 1.092634 1.065343 1.223754 
1.288152 0.512260 1.351508 0.795294 1.373598 1.458300 1.333032 0.633991 
1.528922 1.195930 1.622213 1.509584 1.036084 1.255559 0.794328 1.167573 
1.718461 0.908679 1.030675 0.753182 0.310212 0.686317 1.276809 0.862232 
0.761577 1.782823 0.769244 1.207708 1.947585 0.997623 1.011487 1.205329 
1.059548 1.364253 1.539172 1.168507 1.364674 1.035460 0.677855 0.762976 
1.481614 1.407506 0.740797 1.382833 0.821708 1.107996 1.027704 1.065572 
0.764389 0.927780 0.996403 0.807275 0.694938 0.538388 1.120926 1.281612 
1.037964 1.339231 0.862478 0.605254 1.598089 1.226117 0.810753 0.885758 
1.014056 1.972768 0.916500 1.116635 1.400851 1.171246 1.386020 1.079432 
1.240601 1.531615 1.882022 1.054390 0.751352 1.425448 1.473639 0.687565 
1.194234 1.529229 0.830187 0.585554 0.784034 1.396296 1.349631 0.577847 
1.280384 1.340140 1.711086 1.607013 0.906756 0.994847 1.132387 1.393824 
1.053383 1.467692 1.300224 0.460399 1.112340 1.464400 1.012601 0.742978 
1.219614 1.393421 1.902053 0.936680 1.258585 1.408300 1.501170 0.571297 
1.609804 1.260670 1.220149 1.187435 1.296030 0.951769 0.724565 0.542798 
2.248433 1.263011 0.726107 1.534309 1.364496 1.259971 1.976287 1.160330 
1.250130 1.081103 0.771847 1.151945 0.868260 0.407019 1.273819 1.335681 
1.365338 1.020948 1.099639 0.515767 0.683167 1.098964 1.318935 0.963559 
1.482293 0.916377 0.834156 0.600666 1.130349 1.169173 1.210744 0.468614 
1.332820 1.236130 0.962845 0.657553 1.395751 1.047753 1.278801 1.177967 
0.796876 1.209758 0.865032 1.181628 1.235170 1.141754 1.250304 1.580608 
1.539153 0.912236 0.991428 0.352452 0.804271 1.519692 1.433582 1.469816 
1.429368 1.160618 0.679411 0.936668 0.927672 0.591179 0.862559 1.191208 
1.617492 1.663424 1.775937 0.941706 0.885889 1.070514 0.509255 1.089040 
1.200264 1.664637 1.043376 0.974140 1.240958 1.696859 1.146150 0.748455 
1.800121 0.553441 0.495481 0.935414 1.276998 1.496965 1.446262 0.408194 
1.406318 1.320967 1.299091 0.851069 0.477380 1.189043 1.216822 0.704758 
1.217106 0.948963 0.528650 1.240372 1.308331 1.118504 0.809052 1.284834 
1.236935 0.321605 1.488533 1.117165 1.423844 0.973288 1.327278 1.469426 
1.803040 0.999162 1.071032 1.642515 1.615021 1.137576 0.574545 1.173388 
1.332225 0.386568 0.603388 1.002452 1.146189 1.551251 1.453976 0.886667 
1.618907 1.437969 1.961729 1.162055 0.540695 1.002481 1.036795 1.346989 
1.193320 1.512464 1.091351 1.199929 0.947243 1.158278 1.351369 0.806892 
1.267511 1.332929 1.365992 0.901654 1.256827 0.983681 1.328379 0.897944 
1.769720 2.044252 1.448922 1.297060 1.562541 1.381354 1.266190 1.383207 
1.392837 1.275059 0.976114 1.301536 0.640258 1.403105 1.477308 0.795282 
2.053824 2.069940 1.433964 1.198733 1.006276 1.208953 0.906096 1.800251 
1.117104 1.159931 0.848669 0.962550 0.734182 0.809744 1.191547 0.884507 
0.878327 1.568177 0.904424 1.306122 1.419546 1.132692 1.170011 1.585507 
1.597512 1.143811 1.369809 0.639645 0.766721 1.192210 1.345440 1.612534 
1.339514 0.989448 0.365250 0.911861 1.299402 1.213437 1.062840 0.995168 
1.143077 1.772897 1.036553 1.088003 0.811629 1.356001 1.578511 1.625119 
0.611277 1.150461 2.003440 1.794921 0.805097 1.201658 1.243154 1.617253 
1.199369 1.371590 1.631435 0.687620 1.039633 1.116129 0.451164 1.364032 
1.079216 0.945192 1.110369 1.516038 0.572888 1.012642 0.690157 0.848620 
0.955106 1.340871 1.254599 1.343786 1.076579 0.720772 0.859709 1.115211 
1.196825 1.065829 1.100057 1.175811 1.382309 1.289306 0.933355 0.427297 
1.147517 1.462220 0.365642 0.892898 1.054170 1.390930 1.202113 0.770069 
0.935057 1.098952 0.424882 0.888410 0.979516 1.173284 0.921728 0.683290 
1.151230 1.186159 1.224555 1.594362 1.309821 1.164120 1.269843 0.635891 
1.470813 1.258630 0.857245 0.860277 1.223132 1.721167 1.446726 0.837951 
1.280763 1.378762 1.376480 1.712497 1.027719 0.963024 1.441351 1.086708 
1.410596 1.241569 1.361754 1.040663 1.489686 1.108621 1.159805 0.825308 
0.793960 0.564405 0.544126 1.348460 0.924273 1.217141 1.124593 0.564744 
1.383084 1.248157 0.712738 0.872439 1.603290 0.836775 0.753254 0.791756 
1.632298 1.591911 0.960859 1.367263 0.873696 1.242463 1.302405 1.139515 
1.223962 1.204585 1.009251 1.559302 1.143615 1.208912 0.797738 1.334415 
1.540933 1.630225 1.176955 0.993046 0.810223 0.934300 0.902435 1.197288 
1.441292 1.458075 1.138491 1.150192 1.174632 0.679395 0.725861 0.913291 
