103 104 106 121 127 30 42 82 
107 122 128 26 31 43 67 83 
103 121 122 29 67 68 84 85 
103 104 121 123 27 68 82 84 
104 123 124 26 27 28 82 83 
122 124 26 28 29 67 83 85 
123 124 126 27 28 41 70 71 
103 104 106 108 109 30 37 74 
104 106 107 109 113 26 37 72 
107 113 114 26 31 32 67 72 
103 108 111 29 32 33 67 68 
104 109 110 26 27 28 34 72 
111 26 28 29 32 34 67 72 
110 112 27 33 68 69 70 73 
106 112 30 37 69 70 73 74 
108 111 115 117 32 33 39 76 
111 117 32 34 38 72 76 77 
110 112 116 118 34 35 77 79 
112 113 118 35 37 79 80 81 
117 122 124 38 76 77 83 85 
117 119 124 126 77 79 85 86 
119 120 125 127 128 40 78 86 
118 120 125 127 41 42 78 80 
118 126 41 42 43 79 80 81 
119 126 128 40 43 79 81 86 
10 12 13 2 5 6 87 9 
12 14 4 45 5 51 7 91 
12 13 46 5 51 52 6 7 
11 13 3 46 50 52 6 88 
1 15 44 47 48 53 8 90 
10 2 44 47 53 54 89 90 
10 11 13 16 17 90 93 96 
11 14 16 50 55 91 97 99 
12 13 17 18 51 52 56 98 
18 19 51 52 54 56 58 92 
100 50 52 53 54 56 58 99 
15 19 57 8 9 92 94 95 
101 17 20 61 62 95 96 98 
16 55 63 64 65 66 97 99 
100 22 25 58 59 62 93 96 
102 23 24 45 48 49 66 7 
1 23 24 48 49 60 61 87 
2 24 25 49 61 62 87 89 
103 121 122 127 128 30 31 67 
123 125 27 41 68 69 70 84 
105 124 126 28 29 71 85 86 
105 125 127 128 30 31 69 86 
106 125 127 30 41 42 69 70 
106 107 126 41 42 43 70 71 
105 111 29 33 36 68 69 73 
110 112 27 28 34 35 70 71 
105 111 28 29 34 35 36 71 
105 114 30 31 36 69 73 74 
105 107 113 114 31 35 36 71 
110 112 116 118 33 39 73 78 
111 117 119 34 35 36 77 79 
112 118 120 37 73 74 78 80 
113 114 119 35 36 40 79 81 
115 120 121 122 127 128 40 76 
115 120 121 127 42 75 80 82 
38 42 43 75 80 81 82 83 
122 128 38 40 43 76 81 83 
115 117 121 122 39 76 84 85 
115 116 121 123 39 75 82 84 
117 119 125 39 78 84 85 86 
116 118 123 125 39 41 78 84 
10 11 13 2 3 44 6 90 
11 14 3 4 45 50 88 91 
14 15 45 47 48 50 53 88 
14 15 45 48 49 51 7 92 
46 49 51 52 54 7 89 92 
10 12 13 17 9 95 96 98 
100 14 15 50 53 55 57 99 
100 15 53 57 8 90 93 94 
101 60 61 64 94 95 97 98 
16 17 20 59 62 63 93 96 
101 102 17 18 20 21 56 98 
100 22 23 55 57 65 66 99 
102 18 19 21 24 25 56 58 
19 23 24 57 60 61 94 95 
19 24 25 58 61 62 95 96 
1 101 4 5 60 61 64 87 
101 2 20 5 6 61 62 87 
3 4 45 63 64 65 66 88 
20 21 3 46 6 63 65 88 
21 22 25 46 47 65 88 89 
104 106 107 26 42 43 82 83 
105 125 29 68 69 84 85 86 
105 107 126 128 31 43 71 86 
103 108 114 30 31 32 67 74 
103 104 108 109 110 27 33 68 
106 107 112 113 35 37 70 71 
108 114 115 120 32 40 74 76 
108 109 115 120 37 74 75 80 
109 113 37 38 72 75 80 81 
113 114 32 38 40 72 76 81 
108 109 110 115 116 33 39 75 
109 110 116 34 38 72 75 77 
111 117 119 33 36 39 73 78 
114 119 120 36 40 73 74 78 
116 123 124 38 75 77 82 83 
116 118 123 124 126 41 77 79 
1 11 3 4 44 8 90 91 
1 12 4 5 8 87 9 91 
46 47 50 52 53 54 88 89 
1 15 48 49 8 87 9 92 
10 2 49 54 87 89 9 92 
11 16 8 90 91 93 94 97 
12 8 9 91 94 95 97 98 
12 14 18 51 55 91 97 98 
11 13 16 17 50 52 56 99 
14 15 18 19 51 55 57 92 
10 19 54 58 9 92 95 96 
10 100 53 54 58 90 93 96 
16 59 60 63 64 93 94 97 
101 102 18 55 64 66 97 98 
16 17 20 21 56 63 65 99 
102 18 19 23 24 55 57 66 
100 21 22 25 56 58 65 99 
100 22 23 57 59 60 93 94 
1 3 4 44 59 60 63 64 
2 20 3 44 59 6 62 63 
101 102 4 45 5 64 66 7 
101 102 20 21 46 5 6 7 
22 23 45 47 48 65 66 88 
102 21 24 25 46 49 7 89 
1 22 23 44 47 48 59 60 
2 22 25 44 47 59 62 89 
