1.144182 1.423986 1.124235 0.971345 1.066733 0.559928 0.754344 0.591596
1.073461 1.376294 1.055619 1.352587 0.732377 0.837212 0.608327 0.518797 
1.675012 1.213704 1.462427 0.989873 0.737282 0.829742 0.722828 0.881663
1.420661 1.382437 1.083279 1.484160 0.861457 1.034432 0.659143 0.767343
1.431993 1.070733 1.433767 1.130078 0.715764 0.240690 0.903867 0.678726
1.566691 1.846587 1.311578 0.465007 1.094437 0.761929 0.454498 0.967749
0.886698 1.022325 1.413346 0.956123 0.585795 0.629197 0.796817 0.632238
1.205190 1.422672 1.053551 1.861474 1.578109 0.689997 1.245104 0.732579
1.333409 1.091650 1.204702 1.541117 1.517937 1.110374 1.071194 0.807173
1.202399 1.648651 1.169734 1.335306 0.785256 1.561392 0.522753 0.823628 
1.552805 1.247170 0.604674 1.032987 1.235706 1.199224 0.564916 0.840303 
1.073609 1.652880 1.257488 0.968746 0.917291 0.450927 0.878383 0.787236 
0.640865 1.442621 0.430366 0.930882 1.590340 0.887488 0.508915 0.774979 
1.152790 1.412849 1.144733 1.266346 0.933578 1.043610 0.738108 0.883102 
1.133393 1.352109 0.948842 1.182741 0.920027 0.551720 1.158192 0.947859 
1.347020 0.602723 1.446984 1.424109 1.335340 0.899753 0.596187 0.543290 
0.591002 1.611758 1.451558 0.942757 1.615348 0.924514 0.359608 1.123712 
1.490900 0.988077 1.295350 1.100845 0.925602 0.592878 1.098592 0.774116 
0.932161 1.561334 1.459060 0.472232 1.417344 0.916123 0.945183 0.969744 
1.544002 1.542703 1.724420 1.573242 0.785710 0.769947 0.765308 0.589878 
1.521574 1.648400 1.559937 1.613777 1.043356 0.794100 0.906580 0.893862 
1.307508 1.444640 1.307235 0.663286 1.053032 0.819501 0.462734 0.828157 
1.306332 1.653913 1.097618 0.606231 0.423451 0.663101 0.441023 0.502373 
1.240692 1.375102 0.456129 0.775797 0.977563 0.867745 0.821659 0.838402 
1.252414 1.363789 0.988098 1.136702 0.792699 0.985101 0.678383 0.508262
0.931832 0.834009 0.802919 1.126177 0.734228 0.580502 1.103043 1.053790
0.978875 0.963004 0.812548 0.529619 0.516228 0.412229 1.211307 1.300715
0.967267 0.439950 0.731252 0.495955 0.590419 1.333594 0.385047 1.295779
1.185043 0.699241 0.868943 0.772740 0.822857 1.103689 0.775022 1.533271
1.169679 0.931310 0.949722 1.523412 0.990588 1.050598 1.016039 1.534508
0.816156 0.940681 1.189133 1.401769 0.971232 1.250552 1.613523 1.627816
1.037441 0.853049 0.830155 1.124649 0.817745 1.284552 1.306113 1.342552
0.966811 0.913610 0.836754 0.800680 0.956670 1.389445 1.396894 1.478692
1.142425 0.646566 0.825425 1.296275 0.482732 1.232772 0.878537 0.976248
1.195470 0.714624 0.607972 1.573723 1.476721 0.921616 1.061389 1.654905
1.567869 0.973371 1.621729 1.188837 1.561095 0.954477 1.070184 1.912946
0.688833 0.970677 0.607403 1.094811 0.956341 1.126861 1.550584 0.935163
1.336382 0.808854 0.807763 0.529738 0.883367 1.221095 1.260954 1.237487
0.963396 0.978253 1.074876 1.259349 0.942683 1.811770 1.648315 1.444363
1.214674 0.995720 0.929385 0.822120 1.334668 0.899216 1.478323 1.465549
1.202177 1.196020 0.615988 0.729478 1.231792 0.831450 1.099447 1.293965
1.553761 1.437486 0.937431 0.769246 0.719806 1.156638 0.489048 1.475186
1.049396 0.969971 0.923623 0.553844 0.515698 1.032444 1.585002 1.429235
1.451680 0.830590 0.972822 0.823953 1.077929 0.637277 0.818434 0.787589
1.195130 1.559636 1.195341 0.879648 1.202917 1.005644 0.534449 0.726602
1.197530 1.419764 1.698982 0.740367 1.011466 0.334397 0.835033 1.040203
1.214734 1.248271 0.788241 1.021957 1.131124 1.000515 0.728438 0.713682
1.235648 1.235786 0.533650 0.765691 0.737078 0.431373 0.675588 0.832446
1.675074 1.551687 1.516671 0.788520 0.697743 0.721621 0.735330 0.503758
1.068654 0.846135 0.927907 1.298851 0.647742 0.783708 1.060811 0.860084
0.912163 1.126915 0.934873 0.618101 0.786798 0.611204 0.597670 0.632779
1.319892 1.190650 0.738367 0.794408 0.942965 0.936209 0.794575 0.776368
1.246859 1.358532 0.974837 0.879411 0.647942 0.813238 1.047293 1.010033
1.121127 1.345811 1.417118 1.417706 0.699572 0.742268 0.639275 0.316201
1.029127 1.128033 1.235248 1.519306 1.150548 0.727469 0.742962 0.891931
1.050417 1.205303 1.394200 0.876942 0.715846 0.556259 0.926588 1.031882
1.280347 1.728842 1.920002 1.492517 1.195888 1.266849 0.845700 0.712066
1.688765 1.426475 1.375077 0.782635 0.600345 1.091404 1.108330 0.567978
1.549000 1.152887 1.177431 1.272203 0.688106 0.929770 0.893115 0.758159
1.482048 1.492320 1.096173 0.470537 0.759771 1.560986 0.743623 1.035507
1.670543 0.740367 0.951748 1.359131 1.143577 0.926328 1.219079 1.073677
1.201183 0.766936 1.696496 1.244701 1.012681 0.596281 0.579626 0.801328
1.381041 1.326119 1.183886 1.223379 0.839752 0.601736 0.795422 0.961373
1.510845 1.403617 1.378784 1.438210 0.850632 1.202025 0.978647 0.483356
1.427225 1.549300 1.637703 1.081767 0.651697 0.822982 1.281302 0.895824
1.440797 1.041964 1.520140 1.254030 1.151301 0.497700 0.584668 0.725910
0.639416 0.759172 0.419449 0.837549 0.593410 1.112337 0.481928 1.147339
0.867722 0.807983 0.569109 0.985886 0.557760 0.476347 1.531165 1.041657
1.273178 1.125029 0.820306 1.303342 1.172521 1.213268 1.104098 1.398705
1.112002 0.848364 0.456381 1.436650 0.959303 0.726761 1.589989 1.687101
0.684141 0.977117 1.011256 1.812012 1.427548 1.659681 2.078224 1.986820
0.614988 0.819726 0.391041 0.544956 0.893737 0.931279 0.865107 0.899859
1.505699 0.954068 1.071432 0.776024 1.101636 0.959859 0.739402 1.653078
1.653820 0.769749 0.875421 0.621409 0.931417 1.357021 1.318325 1.316189
1.369106 1.405766 0.553501 1.163892 1.509735 1.166737 1.798242 0.928118
1.106923 0.617947 0.898856 1.815485 0.780988 0.966236 1.327752 1.176878
0.976689 1.385937 0.734542 1.183583 0.549716 0.887436 0.658958 0.997221
1.511422 1.287852 1.392142 1.450872 0.731259 0.682189 1.392831 1.990766
1.253163 1.101183 0.838890 0.791548 0.742864 0.986813 0.937030 1.007097
1.019580 1.251471 0.904437 0.337974 1.025905 0.775449 1.774317 1.260050
1.134500 0.970241 1.021314 0.801926 0.678606 0.742804 1.236446 1.270883
1.237511 1.510762 0.864857 0.841260 1.183060 0.716222 1.243289 1.230983
1.254141 0.881642 0.786983 0.788254 0.353160 0.691509 0.830061 1.109243
0.954421 1.266011 0.731580 1.362427 1.227166 0.938264 1.618863 1.574744
0.576263 0.968369 0.723430 0.562075 0.609757 1.072018 0.940222 1.377073
1.047950 1.378686 0.777896 0.866984 1.122280 0.654483 1.639578 1.841412
1.328099 1.028548 1.009396 1.005060 0.754609 1.003851 0.722385 0.524390
0.967480 1.325501 0.916833 1.162149 0.582744 0.579841 0.810738 0.959143
1.092998 1.279405 1.448219 0.693971 0.583367 0.384982 0.483121 0.685378
1.273991 1.380015 1.089202 0.854407 0.911216 1.102226 0.502884 0.824097
1.432186 1.291204 1.400147 1.497977 0.767099 0.807822 1.036541 0.459465
1.044878 1.406705 0.825468 0.961443 0.583260 0.779972 0.501348 0.535389
1.554845 1.176375 1.266800 1.450358 1.167215 1.129784 0.895959 0.430629
1.621715 1.444912 1.206032 1.734331 1.268920 0.714479 1.065745 1.050002
1.718382 1.219880 0.973636 1.496646 0.946267 1.139795 0.849679 0.735398
1.646282 0.895414 1.393770 1.524513 1.252000 0.714433 0.486309 0.656428
1.376829 1.787883 1.091536 1.102654 1.639571 0.772001 0.608574 1.062042
1.943643 0.754204 1.480318 0.698541 1.564977 0.893002 0.877958 0.899333
0.938252 0.936569 1.361848 0.976895 0.516647 0.498471 0.729308 0.743146
1.438944 1.218256 1.380556 0.473189 0.821617 0.892318 1.228855 0.525451 
1.509627 1.093942 1.332953 1.532072 1.225330 0.700726 1.088668 0.681688
1.331115 1.327923 0.961999 1.330178 1.150783 0.381968 1.067812 0.695288
0.975803 0.902277 0.685585 0.749847 0.953439 0.686905 1.147365 1.333095
1.130099 0.541973 0.661782 0.595400 0.790527 0.945936 0.776258 1.097252
0.715641 1.244058 0.732418 1.434162 1.047220 1.306124 1.298981 1.841619
1.067756 0.491614 0.790359 0.912224 0.721036 0.860922 0.769024 1.210803
0.477350 0.574664 0.694203 1.026780 0.772561 1.542805 0.789965 1.501951
0.427191 0.687683 1.063996 1.060251 1.107911 1.126454 1.309888 1.349087 
0.839040 0.786687 0.809147 1.140981 1.068844 0.987221 1.699410 1.200301 
1.121164 0.827249 1.429413 0.323644 0.856941 1.147046 1.738635 0.747861 
0.745912 0.447958 0.864342 0.456180 0.626298 1.452570 0.994532 1.717155 
1.051695 0.934068 1.002625 0.593889 0.561248 0.929561 0.360934 1.282830 
0.747218 0.692578 0.985060 0.851827 0.973163 0.942484 0.681498 1.217563 
0.585896 1.510698 0.797523 1.294415 0.863463 1.198549 1.177259 0.767860 
1.082730 1.721875 1.116166 0.877584 1.237864 1.249616 1.305283 1.489604 
1.367837 1.295929 0.972114 0.749729 1.021990 1.222968 1.998245 1.187415 
1.193667 0.952929 0.962686 1.056935 0.670177 0.895037 0.565078 1.303583 
1.320455 0.924074 0.886162 1.314837 0.670502 1.125769 0.696291 0.867025 
1.153434 1.013603 1.110282 0.696079 0.725379 0.643805 0.481209 1.545679 
1.182305 1.061830 1.351670 0.580235 1.024905 0.794886 1.181152 1.581711 
1.303481 0.692941 0.940696 0.861701 1.691038 1.025743 1.061967 1.417575 
1.231511 1.103016 0.950138 0.959478 1.752419 0.923972 0.833678 1.025921 
1.095055 1.069724 1.153539 0.308420 0.671698 1.298601 1.495260 0.922105 
1.152948 1.256766 0.987844 0.946719 0.428991 0.819943 0.867374 0.891337 
1.185529 1.129829 0.637099 0.956446 0.917958 0.789048 1.118400 1.355107 
0.861579 0.824355 0.537743 0.668454 0.505206 0.474906 1.040605 1.600734 
1.703458 1.249779 1.344359 1.340521 1.280094 0.880727 1.637536 0.793162 
0.942535 1.217444 0.840716 1.230880 1.022091 1.446786 0.391803 1.432838 
