102 127 128 30 38 50 85 91 
119 120 31 51 52 87 88 89 
100 11 122 13 17 37 94 97 
101 121 123 34 54 93 95 99 
100 11 120 121 123 53 54 95 
101 119 14 15 34 35 51 55 
104 109 123 127 16 18 38 99 
100 103 104 109 123 18 37 57 
100 102 103 122 14 19 53 56 
110 112 42 43 59 60 64 67 
115 3 5 62 63 65 66 73 
114 24 25 26 28 45 71 72 
24 26 28 3 62 69 72 75 
115 116 27 46 48 6 80 9 
116 28 48 49 6 75 80 83 
28 45 7 71 72 77 82 83 
28 3 49 72 75 77 78 83 
45 7 71 73 76 8 82 84 
111 21 22 29 40 80 81 9 
104 109 117 127 30 33 38 91 
103 104 117 118 125 19 86 87 
108 118 125 126 19 87 89 90 
107 108 128 50 57 88 89 92 
12 13 30 50 85 91 93 94 
12 32 33 35 90 91 96 98 
12 13 32 35 50 51 88 91 
101 119 122 14 34 93 94 99 
12 13 15 16 17 35 51 55 
100 103 104 123 125 19 53 54 
1 110 114 20 24 42 59 64 
111 112 2 40 59 64 65 67 
112 113 25 26 41 43 60 67 
113 114 20 25 39 61 63 70 
27 4 42 43 44 6 64 67 
25 26 28 43 44 45 6 67 
116 49 74 75 76 80 81 84 
3 49 73 75 76 78 8 84 
1 110 20 46 59 7 77 79 
103 104 109 117 33 57 86 92 
107 108 19 31 56 87 88 89 
106 107 127 128 32 50 88 91 
10 117 118 121 30 34 93 95 
10 118 121 32 34 35 90 96 
101 121 124 34 35 54 55 96 
12 124 16 18 35 55 96 98 
101 102 105 122 14 38 56 99 
101 105 106 124 125 126 54 55 
101 105 106 107 14 15 55 56 
107 108 128 15 17 36 37 57 
1 23 24 26 41 58 62 69 
116 2 26 28 6 67 69 75 
116 2 68 69 70 74 75 76 
115 116 29 5 74 80 81 9 
29 4 44 47 5 74 79 81 
28 44 45 47 48 6 82 83 
111 112 40 46 48 59 80 9 
23 39 49 58 61 78 8 84 
102 103 128 50 57 85 86 92 
10 102 105 30 31 38 56 85 
10 105 106 118 125 126 32 90 
108 109 126 33 57 89 90 92 
11 13 50 85 86 92 94 97 
11 117 33 86 92 95 97 98 
10 119 30 31 34 85 93 94 
11 119 120 31 85 86 87 94 
11 117 118 120 121 86 87 95 
10 119 31 32 34 35 51 88 
118 120 121 52 87 89 90 96 
13 50 51 52 88 89 92 97 
33 52 89 90 92 96 97 98 
12 123 16 18 93 95 98 99 
12 122 13 16 17 93 94 99 
100 11 123 18 37 95 97 98 
120 121 124 36 52 53 54 96 
13 15 17 36 37 51 52 97 
124 18 36 37 52 96 97 98 
102 122 127 128 16 17 38 99 
100 102 103 122 128 17 37 57 
101 104 105 123 125 38 54 99 
107 108 14 15 19 36 53 56 
108 124 125 126 19 36 53 54 
106 109 124 126 127 16 18 55 
106 107 127 128 15 16 17 55 
108 109 124 126 18 36 37 57 
1 111 24 58 59 62 64 65 
111 21 39 58 62 63 65 66 
111 2 21 22 40 65 66 68 
112 2 23 26 40 41 67 69 
2 22 23 40 61 68 69 70 
113 22 25 43 60 61 68 70 
1 113 114 20 24 25 26 41 
23 39 58 61 62 63 69 70 
114 24 27 4 42 64 71 72 
115 24 27 3 62 64 65 72 
114 4 42 5 63 66 71 73 
25 43 44 45 68 70 74 76 
3 62 63 69 70 73 75 76 
114 25 45 63 70 71 73 76 
27 4 46 7 71 72 77 79 
115 29 3 5 73 78 8 9 
27 4 44 46 47 48 6 79 
1 111 46 58 59 77 78 9 
111 21 29 39 58 78 8 9 
110 20 21 29 39 7 79 8 
110 112 46 47 48 59 60 79 
112 113 41 47 48 60 82 83 
112 23 40 41 48 49 80 83 
22 23 40 49 61 80 81 84 
113 20 39 61 7 8 82 84 
10 104 105 117 118 125 30 38 
102 103 19 31 56 85 86 87 
10 105 106 107 31 32 56 88 
106 109 126 127 32 33 90 91 
117 12 30 33 91 93 95 98 
100 11 119 120 122 14 53 94 
119 120 14 15 36 51 52 53 
110 114 20 21 39 42 63 66 
110 21 22 42 43 60 66 68 
115 116 2 27 6 64 65 67 
115 116 2 5 65 66 68 74 
4 42 43 44 5 66 68 74 
115 27 3 46 72 77 78 9 
29 4 5 7 71 73 79 8 
44 45 47 74 76 81 82 84 
110 21 22 29 47 60 79 81 
113 22 47 60 61 81 82 84 
1 113 20 41 7 77 82 83 
1 23 41 49 58 77 78 83 
