0.984162 1.577521 1.025962 1.202911 0.957520 1.008857 0.922002 0.802579 
1.283126 1.160743 0.856866 0.860640 0.859211 0.951895 1.259757 0.919335 
0.847713 1.125661 1.394287 0.520135 0.467653 0.714555 0.231482 0.451379 
1.708519 1.434342 1.266898 1.011562 0.814834 1.268804 0.437253 0.940735 
0.688857 0.733420 0.994368 1.360595 1.252942 1.106814 0.983174 0.438914 
1.242553 1.324072 1.047222 0.614235 1.216503 0.705789 0.824609 1.242323 
1.019221 0.513053 1.006602 1.514420 0.436824 0.644821 0.964881 0.747809 
1.179356 1.086358 0.796494 0.619190 1.030796 0.695527 0.560658 1.248742 
0.853841 0.792774 1.045427 1.204364 1.065293 1.050709 1.113544 1.467502 
1.685299 1.244627 1.163649 1.142384 0.506346 0.714878 0.834941 0.978206 
1.384897 1.001441 1.259626 0.891399 0.917944 0.771249 1.206924 0.584390 
1.371153 0.555246 0.356783 1.012237 0.993856 1.471169 0.576396 0.986983 
0.809976 0.971394 1.190383 1.035191 0.990880 1.414991 1.039964 0.931343 
1.457128 1.586569 0.414547 1.152991 1.098528 1.164787 0.575480 1.081319 
1.780938 0.951703 0.891642 1.391862 0.816873 0.862265 0.809876 1.103044 
1.302665 1.545784 1.250424 0.564107 1.377365 1.257411 1.005965 1.346975 
1.185665 0.982997 1.615356 0.926103 0.877448 1.298812 0.775002 1.179538 
1.337205 1.027600 0.473749 0.617545 1.075153 0.910856 1.000263 1.205511 
0.998346 0.957259 1.223990 0.916050 0.913594 0.714164 1.726231 1.148337 
1.118925 1.105302 2.108073 1.752834 1.126663 1.227212 0.978065 1.071446 
1.303800 0.924380 1.631152 1.337911 1.161019 1.179102 0.811999 0.856544 
0.614014 1.508803 1.116706 1.500225 1.184787 0.910643 1.134085 0.808062 
1.510210 0.850066 1.299301 1.016673 1.288849 1.116036 1.330043 0.801473 
0.829042 0.574863 0.995361 1.007459 0.867636 0.863813 0.924133 0.755065 
1.118623 1.426416 1.205746 0.925214 1.143523 1.072998 1.439765 0.889324 
1.143208 0.596724 1.266716 0.868910 0.963163 1.092874 1.096105 1.190363 
1.254059 1.191452 1.501637 0.988836 1.061994 1.295858 0.548552 0.776406 
0.886917 0.574304 0.994961 0.532505 0.560666 0.501958 1.015298 1.077714 
0.637591 0.913606 1.094468 1.186088 1.264735 0.968521 0.901424 1.049641 
1.454759 1.712033 1.373143 0.324703 0.690624 0.954173 0.353540 0.870454 
1.415337 1.261723 1.427991 0.933520 0.424633 0.999934 0.959149 0.748696 
0.924191 1.556780 0.360934 0.930650 1.063531 1.301234 0.727931 0.688277 
1.677675 1.436295 0.330350 0.255620 1.225182 0.934477 0.667418 1.145094 
0.641689 1.147458 1.032112 1.176015 1.155660 1.507809 0.886360 0.737403 
0.382096 1.055207 0.919580 1.665698 1.304632 1.505117 1.326206 0.882124 
2.007551 1.552139 1.503902 0.846033 1.237527 0.831243 1.758303 1.466898 
1.041801 1.403853 0.671428 1.002335 1.242571 0.554532 1.043978 1.044994 
1.254408 1.962794 0.180790 1.322147 0.412092 1.208144 0.897111 0.734068 
0.905316 0.827409 0.859611 1.798393 0.933098 0.999984 0.735231 0.559059 
1.454555 0.786165 0.992816 0.718147 1.572664 0.881720 1.220810 1.254704 
1.045475 1.359105 1.207652 0.874008 0.949935 0.905669 1.078309 0.600705 
1.225924 1.451981 0.794935 1.497651 0.697444 0.703018 1.003972 0.627131 
1.087214 0.968961 1.445447 1.164890 0.605932 1.009861 0.900755 0.965601 
1.008936 1.674202 1.160836 0.802492 0.765960 0.974388 1.323850 0.804511 
0.979327 1.217332 0.431061 0.744674 0.646844 1.251730 1.197739 0.677472 
1.346696 0.583939 1.097881 1.207140 0.849214 1.022614 1.217672 0.626104 
1.033697 1.151528 1.036846 1.069861 1.038722 1.080326 1.126686 1.144046 
0.832898 1.100105 1.185052 1.126145 0.930785 0.663185 0.899835 1.539934 
1.017407 0.844059 1.053029 0.969040 0.472776 0.532135 0.460016 1.182614 
1.107456 0.677713 0.630302 0.707914 1.142494 0.820820 0.782692 1.238618 
1.558820 1.148106 1.032641 1.109561 1.082985 0.658402 1.176578 0.697805 
1.706773 0.898581 1.044765 0.992074 0.828656 1.499849 0.923662 1.148413 
1.008258 1.863412 0.662911 1.424647 1.369339 0.507341 1.927140 1.085515 
0.939435 0.736116 1.050319 1.787276 1.339006 1.222644 0.622441 1.613406 
0.742373 1.197534 1.377179 1.602395 0.892711 1.165120 1.041360 0.987486 
0.889562 1.210447 0.738229 0.862155 1.113749 0.414122 0.325900 0.895055 
0.619052 1.016056 1.377921 0.936813 0.971482 0.737079 1.008020 1.031239 
0.922410 1.173574 1.338966 1.019067 1.436710 0.769292 1.118229 0.794305 
1.527224 1.181253 1.112860 1.038730 0.860818 1.106921 1.921742 1.213264 
1.332867 1.163695 1.430524 1.453004 1.165289 1.559300 1.189990 0.980757 
0.959418 0.837800 1.412937 1.125393 1.373873 1.236818 0.858589 0.779552 
1.207050 0.674607 1.045290 1.064956 1.019599 0.739321 0.534292 0.290996 
1.150523 1.706293 0.995001 0.883883 0.948560 0.780290 0.579792 0.996942 
1.351941 1.760230 0.955821 0.815223 0.929769 1.104916 1.152198 0.805871 
0.931777 1.234946 1.044193 0.784446 1.095390 0.937032 0.786748 0.498517 
0.873872 1.726847 1.126141 0.990167 1.301959 0.904272 1.005049 0.415521 
1.520335 1.350434 0.681718 1.131268 0.900394 0.783843 0.864235 1.081433 
1.282514 1.234899 1.379866 0.926156 0.692715 0.892850 0.896910 0.918593 
0.621802 1.043685 0.916319 1.009575 0.992081 0.808911 0.740569 0.491186 
1.297483 1.089923 1.060802 0.994825 0.707413 1.243850 0.578742 1.063227 
0.886962 1.343533 0.407933 0.756146 1.094080 1.089583 0.661673 0.585512 
0.818422 1.372597 0.387392 0.591666 0.285655 1.117834 0.458782 0.753143 
0.675984 1.176066 1.152695 0.890708 0.760278 0.719519 0.613146 1.020684 
0.967080 1.218355 1.598324 0.418740 1.096554 1.030358 0.805350 0.899063 
0.437874 1.040893 0.448886 0.509398 0.679815 0.753483 1.230950 0.467540 
1.264951 0.805603 0.682666 0.699618 1.190286 0.830420 0.650934 0.762933 
0.837228 1.580216 1.229880 1.024762 0.446393 0.543300 0.759415 0.525878 
0.903159 0.887012 1.214230 1.477609 1.187642 0.428684 0.424810 1.418816 
1.442965 0.928632 1.332602 1.506894 1.069691 1.043879 1.141282 0.630929 
1.386072 1.058864 1.029116 1.061913 1.013950 0.597549 0.928751 1.422460 
0.666032 1.244391 1.132148 1.243588 1.064486 0.552746 1.349713 1.136569 
1.122201 0.564379 1.202832 1.323768 1.337382 0.250481 0.698783 1.259761 
1.222938 1.248357 1.584773 1.132934 1.106161 0.600507 0.518373 1.203817 
0.790404 0.626668 1.184132 1.183553 0.820961 0.765825 0.427362 1.174617 
1.302308 1.280854 0.678452 0.736873 0.626940 0.874689 1.094373 1.101298 
1.226431 0.781055 1.170584 1.116452 0.860042 0.824693 0.973594 1.466918 
1.413462 1.374414 0.778859 1.084542 0.882401 0.807634 1.552031 1.190937 
1.380006 1.456931 0.709813 0.846685 1.033136 1.331227 0.748229 1.111275 
1.293522 1.154917 0.986844 1.091109 1.128197 1.253082 1.035572 0.925805 
1.740449 1.021171 0.439261 1.373848 0.896453 0.911041 1.418215 1.020901 
1.219168 1.827651 1.817001 0.371159 0.664409 0.316478 1.111309 1.138345 
0.984744 1.373438 1.136898 1.168953 0.925265 1.233811 1.465240 1.070437 
1.258416 0.586126 0.749105 1.299894 1.195442 1.009132 0.655754 1.275225 
1.494932 0.956534 0.644115 0.798886 0.783361 1.231215 0.943591 1.187859 
1.474465 0.929589 1.213681 1.413415 0.896305 1.153372 0.989626 0.525634 
0.588003 1.429416 1.160664 1.693935 1.321885 1.151911 1.593447 0.947923 
1.062730 0.631921 1.020982 1.371881 1.097779 0.744436 1.031558 1.379411 
1.483780 0.232573 1.289295 0.982767 1.126899 0.431518 0.696609 1.036045 
0.709312 1.325295 1.315899 1.340409 0.569690 1.333037 1.080156 0.715169 
1.191494 0.813473 0.915723 1.486543 0.311694 0.806344 1.302989 1.152558 
0.413190 1.379026 1.024599 1.311427 1.638271 0.952488 1.259310 0.768440 
1.292785 1.215869 1.147786 0.878346 0.583284 1.089880 0.743110 1.072309 
0.949077 0.914981 0.730120 1.126578 0.868371 0.809189 1.009068 1.071360 
2.049513 0.381358 0.822330 1.137220 1.236002 1.283970 0.671380 0.929781 
1.886903 1.211154 1.339112 1.716880 1.336901 0.214489 0.729284 0.814813 
1.320633 1.451944 1.151375 1.670055 1.283877 0.942853 1.072997 1.089973 
1.006709 0.789346 0.939866 1.227610 1.033000 1.169342 0.766122 0.937281 
0.909263 0.788863 0.811142 1.579607 1.074145 1.082720 1.622959 1.237382 
1.665416 0.541707 1.431260 0.970437 1.039943 0.970400 0.998729 1.091494 
1.092025 1.037961 1.142039 1.522655 1.060088 1.024472 0.677994 0.940339 
0.828461 0.835088 0.768572 0.843764 1.336023 0.967465 0.907113 1.031068 
1.388398 1.193724 1.346817 1.152143 0.747886 0.954995 1.734665 1.263323 
0.928858 0.751580 1.172298 1.347664 1.043166 1.040603 0.941106 1.017203 
1.639062 0.842510 0.803338 0.976543 1.225487 0.746500 0.695257 0.805084 
0.293398 0.796148 1.201814 0.860975 1.354816 0.856741 0.610926 0.322639 
0.662114 0.964828 0.682683 0.792454 0.421973 0.507401 0.897831 1.000638 
1.548574 1.217047 0.321109 0.488005 1.219673 0.809157 0.539737 1.208295 
1.674198 0.848469 1.229380 0.801523 1.092649 0.854599 1.173585 1.300640 
1.428576 1.275285 1.130723 0.264363 1.115532 1.260910 0.705710 0.691250 
1.232291 1.722297 1.126377 1.216542 0.619555 1.089721 1.274661 1.191437 
0.881065 1.128280 1.273703 1.281817 1.361187 1.087112 1.112037 1.192072 
1.332070 0.330356 0.731631 0.865557 0.876456 1.059302 0.493258 0.710841 
0.768007 0.978604 1.451814 0.920614 0.539771 0.251174 0.752791 0.738061 
0.965934 1.221165 1.450848 1.789522 0.855656 1.435823 0.846672 1.021021 
1.883063 0.824326 1.036929 1.156557 1.791206 0.837059 0.625730 1.628778 
1.385128 1.074270 1.418119 0.846971 0.868397 1.488622 1.035223 0.985739 
1.137338 1.367227 0.223931 0.901190 1.098502 0.658981 0.866971 1.059065 
0.993293 0.756187 0.990164 1.381981 0.952043 0.939364 0.731501 0.988643 
