110 112 120 122 16 70 72 82 
113 116 117 18 73 74 76 77 
4 5 6 72 75 85 86 89 
13 19 21 22 3 30 31 34 
21 22 24 25 3 34 37 38 
3 32 35 38 46 49 50 53 
110 120 127 128 16 70 71 80 
10 100 11 110 112 115 18 97 
103 104 106 107 116 117 120 128 
43 45 46 49 58 61 62 8 
46 49 50 53 62 63 66 8 
52 53 56 57 65 66 68 69 
111 112 121 122 4 72 81 82 
116 119 120 122 16 76 79 82 
118 119 121 122 78 79 81 82 
1 14 26 28 29 39 40 7 
35 36 39 40 50 51 54 55 
123 125 2 20 23 63 64 8 
111 121 127 128 4 71 80 81 
110 113 127 18 70 71 73 74 
111 113 114 127 4 5 71 74 
111 112 114 115 4 5 72 75 
115 116 119 18 73 75 76 79 
113 114 117 118 5 74 77 78 
114 115 118 119 5 75 78 79 
116 117 120 128 16 76 77 80 
117 118 121 128 77 78 80 81 
16 70 72 82 83 86 93 96 
16 70 71 80 83 84 93 94 
4 71 80 81 84 85 94 95 
4 72 81 82 85 86 95 96 
6 70 72 73 75 83 86 87 
70 71 73 74 83 84 87 88 
4 5 71 74 84 85 88 89 
17 6 73 75 76 79 87 92 
17 73 74 76 77 87 88 90 
5 74 77 78 88 89 90 91 
5 6 75 78 79 89 91 92 
16 17 76 79 82 92 93 96 
16 17 76 77 80 90 93 94 
77 78 80 81 90 91 94 95 
78 79 81 82 91 92 95 96 
10 106 109 83 86 93 96 97 
107 108 84 85 94 95 98 99 
10 108 109 85 86 95 96 99 
10 100 11 6 83 86 87 97 
100 101 83 84 87 88 97 98 
101 102 84 85 88 89 98 99 
10 102 11 6 85 86 89 99 
100 103 105 11 17 6 87 92 
100 101 103 104 17 87 88 90 
101 102 104 12 88 89 90 91 
102 105 11 12 6 89 91 92 
103 105 106 109 17 92 93 96 
103 104 106 107 17 90 93 94 
104 107 108 12 90 91 94 95 
105 108 109 12 91 92 95 96 
10 106 109 110 112 120 122 97 
106 107 110 120 127 128 97 98 
107 108 111 121 127 128 98 99 
10 108 109 111 112 121 122 99 
10 102 11 111 112 114 115 99 
100 103 105 11 115 116 119 18 
100 101 103 104 113 116 117 18 
101 102 104 113 114 117 118 12 
102 105 11 114 115 118 119 12 
103 105 106 109 116 119 120 122 
104 107 108 117 118 12 121 128 
105 108 109 118 119 12 121 122 
1 123 20 28 29 32 33 7 
19 20 21 29 30 33 34 7 
1 123 13 22 28 3 31 32 
123 2 20 23 32 33 35 36 
2 20 21 24 33 34 36 37 
123 22 23 25 3 32 35 38 
14 2 23 26 35 36 39 40 
2 24 26 27 36 37 40 41 
15 24 25 27 37 38 41 42 
14 15 23 25 35 38 39 42 
19 26 27 29 30 40 41 7 
13 15 19 27 30 31 41 42 
1 13 14 15 28 31 39 42 
124 28 29 32 33 43 46 47 
124 29 30 33 34 44 47 48 
3 30 31 34 44 45 48 49 
28 3 31 32 43 45 46 49 
32 33 35 36 46 47 50 51 
33 34 36 37 47 48 51 52 
3 34 37 38 48 49 52 53 
36 37 40 41 51 52 55 56 
37 38 41 42 52 53 56 57 
35 38 39 42 50 53 54 57 
124 28 29 39 40 43 54 55 
124 29 30 40 41 44 55 56 
30 31 41 42 44 45 56 57 
28 31 39 42 43 45 54 57 
124 125 43 46 47 58 59 8 
124 125 126 44 47 48 59 60 
126 44 45 48 49 60 61 62 
125 46 47 50 51 63 64 8 
125 126 47 48 51 52 64 65 
126 48 49 52 53 62 65 66 
50 51 54 55 63 64 67 9 
51 52 55 56 64 65 68 9 
50 53 54 57 63 66 67 69 
124 43 54 55 58 59 67 9 
124 44 55 56 59 60 68 9 
44 45 56 57 60 61 68 69 
43 45 54 57 58 61 67 69 
1 123 125 20 58 59 7 8 
126 13 19 21 22 60 61 62 
1 123 13 22 58 61 62 8 
125 126 2 20 21 24 64 65 
126 21 22 24 25 62 65 66 
123 22 23 25 62 63 66 8 
14 2 23 26 63 64 67 9 
2 24 26 27 64 65 68 9 
15 24 25 27 65 66 68 69 
14 15 23 25 63 66 67 69 
1 14 26 58 59 67 7 9 
13 15 19 27 60 61 68 69 
1 13 14 15 58 61 67 69 
110 112 115 18 70 72 73 75 
106 107 83 84 93 94 97 98 
100 101 110 113 127 18 97 98 
101 102 111 113 114 127 98 99 
125 126 19 20 21 59 60 7 
19 26 27 59 60 68 7 9 
