1.069533 1.067589 0.666161 1.430657 1.213267 0.819692 1.074862 1.207396 
1.059769 0.831200 0.573883 1.258126 0.891142 0.548492 0.786002 0.853724 
0.740046 0.573095 0.712533 1.116066 0.511158 0.550945 0.485738 0.355478 
0.819158 1.153351 1.094012 0.306809 0.856832 0.771631 0.388569 0.681810 
1.199297 0.437601 0.706926 0.855880 1.009957 0.630978 0.807584 0.819135 
0.881516 0.501090 0.988473 0.614451 0.852998 0.541468 0.938087 0.781553 
0.776978 0.563645 1.357677 0.872617 1.012384 0.739718 0.271880 0.450111 
0.448908 0.669737 0.580750 0.691899 1.443940 0.629459 1.189938 1.173961 
0.667161 0.662771 0.952581 0.847297 0.940001 0.684024 0.714628 0.889811 
0.678889 0.882287 1.049177 0.858822 0.822641 0.824138 0.760483 0.760702 
0.932175 0.761310 0.938732 0.701907 0.817078 0.966948 0.821255 0.880350 
0.730373 0.733557 0.725028 0.691998 0.628420 0.810873 1.205224 0.650622 
0.709362 0.968753 0.961392 1.289303 0.696729 1.044877 0.862151 1.198598 
0.860154 1.051107 0.469213 1.258087 0.979830 0.694008 0.946063 0.988155 
0.851536 0.937166 0.964520 1.343000 0.708518 1.055083 1.035506 1.315256 
0.573915 0.767982 0.698120 0.509506 0.668532 0.754486 1.009307 0.943866 
0.940562 0.580520 0.850902 1.031122 0.840503 0.820237 0.744336 0.664901 
1.120997 1.294955 0.722613 0.388592 0.320092 0.799389 0.255658 0.361788 
0.615594 1.049460 1.389331 0.884438 0.798621 0.355935 0.550641 0.899518 
0.868276 0.833783 1.380958 1.184911 1.134407 0.458299 0.871354 0.772558 
0.774894 1.011644 0.707441 1.370048 0.923094 0.672751 0.383615 0.798792 
0.934935 1.344910 0.899042 0.806234 0.675119 0.433495 1.014459 0.568667 
0.736386 0.895547 1.227119 1.350173 0.842794 0.726037 0.916240 1.213476 
1.104800 0.725753 0.708745 1.018963 0.562583 0.717497 0.873754 0.816669 
0.796568 0.743663 0.931786 1.181187 0.593832 0.766638 0.750416 1.160185 
1.020900 0.786037 0.835736 1.133570 1.266579 0.787429 0.792709 0.401390 
0.698768 0.916044 1.033439 0.925522 0.913681 0.788360 0.484153 1.099323 
1.009860 0.819906 1.098127 1.034224 1.046513 0.721084 0.781903 0.657202 
1.184591 1.082358 0.597027 0.441634 0.926194 1.001112 0.679771 1.049251 
0.784132 0.517443 0.534448 1.005304 0.945043 0.649643 1.098579 0.646309 
0.802377 1.032584 1.048270 1.429302 0.586239 0.644517 0.834319 0.818529 
0.961149 0.963545 1.391680 1.213982 0.446773 1.255571 0.485999 0.501774 
1.084012 0.531206 1.086864 0.833551 1.078248 1.042890 0.576522 0.787842 
0.700780 0.368360 0.414180 0.761453 1.061734 0.390477 0.649919 0.507168 
0.950963 0.776224 1.070467 0.655234 0.780273 1.078919 0.370612 0.245795 
0.918891 0.998742 0.729998 0.735311 0.754610 0.462657 0.823511 0.614604 
0.585726 0.741968 0.903183 0.748550 0.732095 0.625536 0.726436 0.756242 
0.605909 0.788682 0.403673 0.776014 1.268837 0.338536 0.896665 0.452474 
1.003676 0.783358 0.653268 1.002997 1.216946 0.445788 0.702750 0.565283 
1.072813 0.877182 0.780927 0.803126 0.376689 0.535262 0.681158 1.031168 
1.004127 0.809959 0.411325 1.255467 0.605890 0.920331 1.173920 0.682509 
0.926722 1.287867 1.241744 1.402032 0.908595 0.575715 0.841950 0.854425 
0.476204 0.962443 0.727207 0.893811 0.692591 0.778494 0.763582 1.227345 
0.918608 0.828577 0.957102 0.734106 1.033971 0.706042 1.292128 0.998379 
0.433621 0.661329 0.712925 0.607873 0.769242 0.671006 0.602119 0.960152 
0.537437 0.989720 0.461226 0.817982 0.971117 0.713291 0.414866 1.328591 
0.888586 1.224163 1.085111 1.121985 0.628548 0.954050 1.210984 1.275950 
1.293472 0.928054 1.124727 0.761049 0.806325 0.778646 1.400916 1.019865 
0.602089 1.039640 0.539949 0.793548 0.705048 0.539246 0.467111 1.090729 
0.927926 0.582307 0.742423 0.385337 0.952692 0.807985 0.333278 0.385947 
0.781628 1.174546 0.579528 0.638628 0.878442 0.447402 0.625341 0.683198 
1.171770 0.930201 0.850285 0.665083 0.739328 0.686013 0.717432 0.791229 
1.076149 0.933746 0.394489 0.611190 0.919322 0.595959 0.878950 0.401397 
0.595262 0.724531 1.055943 0.625585 0.911827 0.400845 0.790395 0.691303 
0.700536 0.851275 1.048130 0.951835 0.928043 0.599673 0.687959 0.977149 
0.846727 0.916313 0.807837 0.603231 0.734546 0.816783 1.108519 0.647839 
0.809861 0.827596 0.573371 0.599010 0.827229 0.534932 0.673185 0.786374 
0.486725 0.994848 0.718228 1.016503 1.237536 0.690538 1.336809 1.364184 
0.944298 0.894083 0.857718 0.865737 1.252781 0.967615 0.941337 1.017462 
0.887600 0.596651 0.667726 0.994332 1.300484 0.770567 1.131416 0.781689 
0.514052 0.741123 0.739011 0.901683 1.361117 1.001791 1.355500 1.086826 
0.585525 0.907873 0.661918 0.878965 1.482164 0.793617 0.873665 0.987913 
0.895615 0.603025 0.697366 0.420165 0.790655 0.835097 1.123911 1.363273 
0.714804 1.170477 0.725267 0.944990 0.886842 0.878669 0.784456 1.208423 
1.212858 0.914539 0.827060 1.158895 0.723404 0.810013 1.064742 0.619272 
1.008655 0.731582 0.402427 0.765092 0.828107 0.880341 1.015082 0.567206 
0.722480 0.852070 1.279948 0.639297 1.064981 1.117550 0.849502 1.515598 
0.676327 0.843274 0.500655 0.675016 0.784203 0.530503 0.915242 0.836268 
0.836574 0.837277 0.696687 1.012343 1.187297 0.595079 1.041550 1.472869 
0.615458 0.980089 0.962699 0.729065 0.878250 0.353966 0.730928 1.049861 
1.248022 0.955269 1.118402 1.062258 1.056780 0.846800 1.025907 1.282876 
0.571907 1.052010 0.811980 0.384030 0.746045 0.889103 0.278553 0.520860 
1.107024 0.887173 0.657859 0.331470 0.562615 0.691992 1.091115 0.732742 
0.802929 0.849232 1.113282 0.604199 0.728848 0.952883 0.754167 0.757210 
1.310874 0.649444 0.706487 1.006560 1.022314 0.287159 1.167635 0.588543 
1.011865 0.919166 0.597277 0.759761 0.993283 0.661672 0.986861 1.212236 
0.969738 0.628526 0.730163 0.972356 0.646848 0.786493 1.200311 0.742363 
0.776177 0.664646 0.750016 0.940296 0.725066 0.720575 0.641400 0.517364 
0.893932 0.793642 0.521870 0.728060 0.919285 0.781672 0.963946 0.446786 
1.451510 0.899344 1.103877 0.915647 1.082567 1.334884 0.710569 1.449808 
0.763424 0.851422 0.983476 0.902138 0.736512 0.416030 0.737801 0.483282 
0.655551 0.855730 0.928091 0.942290 0.569143 0.562272 1.025724 0.408780 
1.118623 0.940065 0.707139 0.630385 0.709556 0.472057 0.843920 0.402435 
0.980148 0.765758 0.783791 0.657898 0.972876 0.470926 0.423008 0.522329 
1.040101 0.975907 0.549054 0.789131 0.735442 0.908967 0.646163 0.800117 
1.086300 0.992367 0.607783 0.332476 0.742826 1.070773 1.057757 0.634766 
0.582781 0.914023 1.123634 0.929030 0.993862 0.652064 0.994647 1.184692 
0.738633 0.896843 0.903174 0.802830 0.590856 0.539710 0.975918 0.692168 
0.937175 0.939775 0.881955 0.563000 0.697715 0.596135 0.824537 0.812616 
0.778323 0.881227 1.203928 0.615606 1.117835 0.754329 0.801937 0.839674 
0.790558 0.899026 0.809572 0.557041 0.707650 0.873504 0.801436 0.779501 
0.972424 0.851572 1.293000 0.620897 1.020925 0.792688 0.986493 0.883941 
1.160635 0.967219 0.752481 1.161927 1.238050 0.648505 0.988007 0.778448 
1.114181 0.691373 0.814807 1.157472 0.641274 0.425272 0.637050 0.671284 
0.920868 0.745430 0.708194 0.626839 0.655674 0.920396 0.768935 0.761901 
0.941028 0.700405 1.122968 0.610080 0.732101 0.822274 0.987423 0.845855 
1.026407 1.323439 0.513196 0.908999 0.235912 0.787803 0.725407 0.581605 
1.082315 1.212602 1.005183 0.497908 0.268929 0.490474 0.769583 1.016168 
1.077177 0.579909 0.841439 0.485172 0.765991 1.042178 0.822989 0.579649 
1.450413 1.079740 0.423147 1.100361 1.030007 1.060954 0.585071 0.612361 
1.269411 1.072460 0.322307 0.488196 0.986464 0.585948 0.602970 0.572437 
1.254796 0.431957 0.753497 0.653559 0.877640 0.538211 0.583298 0.917172 
0.954290 1.027431 0.917915 0.916067 0.966733 0.793891 0.650094 0.951389 
0.898602 0.712520 0.878876 0.777193 0.827110 0.634695 1.156385 0.750924 
1.009308 0.956945 0.942087 0.790778 0.955977 0.861808 0.674586 0.778719 
1.026671 0.448949 0.870050 0.755115 0.619122 0.929023 0.699016 0.722069 
0.951991 0.451037 0.752864 0.620206 0.972853 1.098989 1.096761 0.718513 
0.723499 0.856008 0.874223 0.861602 1.170532 0.790679 1.116634 0.832510 
0.772239 1.009593 0.998218 0.709365 0.901029 0.890555 0.616892 0.793908 
0.751198 1.190524 1.445242 0.687316 0.738873 0.940539 1.060018 0.445727 
1.187982 0.858959 0.970888 0.972874 0.697619 1.024289 0.733920 0.566783 
0.499310 1.040441 0.649015 0.585413 0.578849 0.671173 0.647800 0.750791 
1.342333 1.021348 0.938702 0.557331 0.973009 0.638377 0.450532 0.648516 
1.183728 1.055833 0.812137 0.646357 0.868798 0.631846 0.600053 0.881500 
1.221048 0.735942 0.565745 0.832505 0.728506 1.052060 0.961128 0.665428 
0.946396 0.865694 0.441020 0.856891 0.812615 0.562130 0.606405 0.820130 
0.816240 0.574693 0.834668 0.866604 0.680531 0.632006 1.169433 0.812650 
0.771260 0.691064 0.755512 0.891756 0.692889 0.748246 1.084773 0.692167 
1.038889 0.713633 0.548863 0.762414 0.877701 0.640488 0.435247 0.624621 
0.699719 0.919861 0.900569 0.666068 1.201719 0.619827 1.135586 0.852669 
0.843473 0.798732 1.153088 0.855638 1.099266 0.582399 1.062274 0.567835 
0.716700 0.880252 0.982508 0.884117 0.555208 0.542644 0.528791 0.605690 
0.867920 1.068360 0.584126 1.311284 0.674734 1.022469 0.839911 0.634502 
0.860364 0.689197 0.881177 0.746018 0.647462 0.987267 1.029104 1.155214 
0.628173 0.876250 0.797290 0.764405 1.130364 1.181189 0.988039 0.908562 
0.933579 0.866409 0.738935 0.727755 0.576080 0.976948 0.961457 0.692254 
1.097080 0.713675 0.951544 0.556480 0.814349 0.643430 0.851287 1.052498 
1.030423 0.931047 0.833106 0.956594 0.905363 1.026531 1.094609 0.724080 
