104 106 107 109 5 63 66 67 
107 110 111 122 6 67 68 70 
10 101 102 78 79 88 89 92 
10 121 78 79 81 92 94 95 
1 16 17 18 25 28 29 32 
17 19 2 29 30 33 34 8 
105 114 115 128 64 65 74 75 
110 111 113 114 6 70 73 74 
10 101 102 105 114 115 128 92 
120 3 38 4 49 52 53 9 
41 44 45 48 55 58 59 62 
119 17 18 19 55 58 59 62 
104 105 113 114 63 64 73 74 
104 105 107 122 63 64 67 68 
105 108 122 128 64 65 68 69 
106 108 109 128 5 65 66 69 
107 109 110 12 5 6 67 72 
108 109 112 12 5 69 71 72 
110 113 116 12 6 72 73 76 
111 112 114 115 70 71 74 75 
63 66 73 76 77 80 87 90 
63 64 73 74 77 78 87 88 
64 65 74 75 78 79 88 89 
65 66 75 76 79 80 89 90 
126 5 63 66 67 77 80 82 
126 63 64 67 68 77 78 81 
121 64 65 68 69 78 79 81 
121 5 65 66 69 79 80 82 
126 5 6 67 72 82 83 86 
126 6 67 68 70 81 83 84 
121 68 69 70 71 81 84 85 
121 5 69 71 72 82 85 86 
6 72 73 76 83 86 87 90 
6 70 73 74 83 84 87 88 
70 71 74 75 84 85 88 89 
71 72 75 76 85 86 89 90 
100 103 77 80 87 90 91 93 
10 100 101 77 78 87 88 91 
102 103 79 80 89 90 92 93 
121 79 80 82 92 93 95 96 
11 126 127 82 83 86 96 97 
126 127 81 83 84 94 97 98 
121 81 84 85 94 95 98 99 
11 121 82 85 86 95 96 99 
100 103 11 83 86 87 90 97 
100 101 83 84 87 88 97 98 
101 102 84 85 88 89 98 99 
102 103 11 85 86 89 90 99 
10 100 101 104 105 113 114 91 
102 103 106 115 116 128 92 93 
104 106 107 109 127 91 93 96 
10 104 105 107 122 127 91 94 
10 105 108 122 128 92 94 95 
106 108 109 128 92 93 95 96 
107 109 11 110 12 127 96 97 
107 110 111 122 127 94 97 98 
108 111 112 122 94 95 98 99 
108 109 11 112 12 95 96 99 
100 103 11 110 113 116 12 97 
100 101 110 111 113 114 97 98 
101 102 111 112 114 115 98 99 
102 103 11 112 115 116 12 99 
1 123 13 14 21 22 25 26 
13 14 15 22 23 26 27 7 
117 15 16 23 24 27 28 7 
1 117 123 16 21 24 25 28 
1 14 17 2 25 26 29 30 
118 14 15 2 26 27 30 31 
118 15 16 18 27 28 31 32 
118 2 20 30 31 34 35 8 
118 119 18 20 31 32 35 36 
119 17 18 19 29 32 33 36 
123 13 19 21 22 33 34 8 
13 20 22 23 34 35 7 8 
117 119 20 23 24 35 36 7 
117 119 123 19 21 24 33 36 
120 124 21 22 25 26 37 38 
120 22 23 26 27 3 38 4 
23 24 27 28 3 39 4 40 
124 21 24 25 28 37 39 40 
120 26 27 30 31 4 42 43 
124 25 28 29 32 40 41 44 
29 30 33 34 41 42 45 46 
30 31 34 35 42 43 46 47 
31 32 35 36 43 44 47 48 
29 32 33 36 41 44 45 48 
21 22 33 34 37 38 45 46 
22 23 3 34 35 38 46 47 
23 24 3 35 36 39 47 48 
21 24 33 36 37 39 45 48 
120 124 125 37 38 49 51 52 
3 39 4 40 50 53 54 9 
124 125 37 39 40 50 51 54 
120 4 42 43 52 53 56 57 
4 40 43 44 53 54 57 58 
124 40 41 44 51 54 55 58 
41 42 45 46 55 56 59 60 
42 43 46 47 56 57 60 61 
43 44 47 48 57 58 61 62 
125 37 38 45 46 49 59 60 
3 38 46 47 49 60 61 9 
3 39 47 48 50 61 62 9 
125 37 39 45 48 50 59 62 
1 123 125 13 14 49 51 52 
13 14 15 49 52 53 7 9 
1 117 123 125 16 50 51 54 
1 14 17 2 51 52 55 56 
118 15 16 18 53 54 57 58 
1 16 17 18 51 54 55 58 
17 19 2 55 56 59 60 8 
118 2 20 56 57 60 61 8 
118 119 18 20 57 58 61 62 
123 125 13 19 49 59 60 8 
13 20 49 60 61 7 8 9 
117 119 20 50 61 62 7 9 
117 119 123 125 19 50 59 62 
106 115 116 128 65 66 75 76 
108 111 112 122 68 69 70 71 
112 115 116 12 71 72 75 76 
10 126 127 77 78 81 91 94 
27 28 31 32 4 40 43 44 
118 14 15 2 52 53 56 57 
104 106 113 116 63 66 73 76 
126 127 77 80 82 91 93 96 
100 103 104 106 113 116 91 93 
120 124 25 26 29 30 41 42 
120 124 41 42 51 52 55 56 
117 15 16 50 53 54 7 9 
