1.308781 1.346316 1.509234 1.208900 1.195212 1.320071 1.257921 1.362897 
1.453402 1.156550 1.430597 1.052050 1.191254 1.208867 1.314188 1.276421 
0.908339 1.482788 1.285206 1.408905 1.363399 1.225210 1.220124 1.533027 
0.931266 1.145050 1.453213 1.398321 1.441835 1.378407 1.535520 1.392100 
1.259451 1.394468 1.327051 1.419600 1.325469 1.456380 1.544159 1.393659 
1.306802 1.452976 1.475504 1.475160 1.257832 1.278316 1.537373 1.046878 
1.403045 1.395432 1.450401 1.689162 1.252725 1.320051 1.273384 1.397406 
1.232926 1.327632 1.403403 1.145231 1.250768 1.175438 1.244778 1.278592 
0.922365 1.410811 1.243334 1.556886 1.288986 1.290928 1.492919 1.560128 
1.261259 1.319616 1.233982 1.305327 1.492436 1.522803 1.448702 1.106901 
1.387763 1.259298 1.290006 1.313431 1.524433 1.409343 1.433990 1.483505 
1.269000 1.588926 1.543222 1.518212 1.496035 1.369156 1.426566 1.592706 
1.457485 1.402097 1.451732 1.427981 1.385342 1.349073 1.404177 1.436635 
1.375026 1.438193 1.513471 1.044840 1.275699 1.179101 1.386085 1.392990 
1.384738 1.424454 1.216371 1.406916 1.260108 1.316494 1.465691 1.382627 
1.305172 1.330968 1.119831 1.368892 1.173624 1.355715 1.211259 1.276454 
1.379481 1.249639 1.200209 1.054084 1.101514 1.062907 1.001226 1.271719 
1.356574 1.384234 1.506777 1.027960 1.187775 1.291105 1.398951 1.375281 
1.424818 1.401340 1.484374 1.055551 1.218321 1.347402 1.279936 1.310760 
1.443010 1.399980 1.314711 1.352463 1.421064 1.344907 1.374560 1.383804 
1.459537 1.430997 1.283048 1.231266 1.243165 1.281294 1.275543 1.255539 
1.501278 1.206818 1.356221 1.205001 1.346749 1.457327 1.367873 1.461654 
1.312946 1.403146 1.267842 1.336990 1.325373 1.467978 1.185071 1.246119 
1.337335 1.573263 1.312513 1.373726 1.479792 1.206466 1.347094 1.222949 
1.416529 1.095314 1.318186 1.146944 1.188106 1.186030 1.290153 1.125790 
1.593519 1.388323 1.106603 1.539862 1.337323 1.311652 1.501257 1.373322 
1.194298 1.222320 1.177769 1.398223 1.452455 1.345081 1.551629 1.311636 
1.213755 1.214483 1.125352 1.344256 1.224218 1.572574 1.210731 1.269414 
1.458946 1.235326 1.115353 1.307265 1.141375 1.225394 1.138274 1.255118 
1.398990 1.039124 1.270880 1.299898 1.077529 1.294534 1.095506 1.282453 
1.199939 1.440328 1.475882 1.288344 1.176560 1.357929 1.114181 1.284809 
1.262658 1.294425 1.318300 1.214045 1.302685 1.301596 1.425987 1.291521 
1.193567 1.313653 1.272247 1.311536 1.183030 1.270093 1.291260 1.260253 
1.231808 1.225911 1.272108 1.154293 1.087485 1.121670 1.213010 1.201305 
1.372315 1.323839 1.261549 1.250902 1.259155 1.371093 1.367193 1.429860 
1.288959 1.524594 1.258793 1.397729 1.294912 1.247967 1.336684 1.246775 
1.370992 1.343671 1.336624 1.306997 1.370124 1.287828 1.377656 1.342436 
0.882180 1.278906 1.337065 1.328644 1.538821 1.228487 1.240339 1.546209 
1.257456 1.408193 1.536085 1.292497 1.336059 1.275200 1.435631 1.359847 
1.166107 1.543049 1.255335 1.496835 1.404598 1.272693 1.407122 1.313464 
1.133966 1.411580 1.352044 1.451942 1.305730 1.476424 1.494035 1.457052 
1.509622 1.529557 1.424627 1.230892 1.198905 1.516965 1.243512 1.228041 
1.215585 1.392451 1.249868 1.394852 1.401070 1.504303 1.209328 1.339560 
1.054351 1.217353 1.519948 1.407380 1.430798 1.532957 1.458676 1.465572 
1.361468 1.517521 1.147654 1.335523 1.432284 1.266164 1.270338 1.495368 
1.387324 1.403806 1.340132 1.248656 1.330049 1.408331 1.342738 1.242866 
1.245539 1.223412 1.247194 1.347562 1.309923 1.354713 1.240156 1.404774 
1.309500 1.493863 1.117726 1.365412 1.452871 1.323889 1.251462 1.516085 
1.071361 1.220439 1.602279 1.416452 1.488528 1.275320 1.211150 1.463977 
1.466389 1.289005 1.420689 1.359370 1.444334 1.519918 1.426404 1.180037 
1.346601 1.292220 1.493353 1.371000 1.473059 1.312409 1.272359 1.263784 
1.025079 1.423801 1.502234 1.573078 1.049198 1.416443 1.485694 1.680005 
0.950992 1.564250 1.325273 1.066644 1.347544 1.490166 1.506349 1.259773 
1.466846 1.391447 1.533691 1.316891 1.467921 1.347213 1.468256 1.326942 
1.559455 1.608816 1.255030 1.562575 1.143525 1.349588 1.385844 1.400359 
1.654554 1.327973 1.300767 0.999784 1.394183 1.498761 1.246883 1.281382 
1.426464 1.421065 1.331294 1.226682 1.516937 1.418386 1.142152 1.277438 
1.258498 1.624024 1.217343 1.365517 1.125827 1.328813 1.357985 1.474460 
1.169195 1.471376 1.258896 1.523680 1.229880 1.510591 1.189462 1.411434 
1.334651 1.301605 1.516203 1.423102 1.472375 1.198058 1.280437 1.218030 
1.446821 1.478004 1.359087 1.380115 1.366731 1.376528 1.202280 1.304170 
1.223857 1.441119 1.130630 1.382549 1.194640 1.499494 1.276840 1.344747 
1.263467 1.448628 1.330524 1.185191 1.344477 1.309155 1.433785 1.472576 
1.539860 1.334198 1.562839 1.260379 1.573823 1.436461 1.396207 1.229679 
1.516164 1.543375 1.679838 1.588242 1.481373 1.275875 1.376830 1.284709 
1.137504 1.319817 1.536895 1.283522 1.233913 1.465452 1.180526 1.343883 
1.192955 1.129347 0.975081 1.215874 1.137483 1.457887 1.316215 1.209888 
1.138811 1.274537 1.494873 1.484758 1.393633 1.298561 1.377280 1.492488 
1.102457 1.458950 1.450000 1.440186 1.399969 1.325107 1.575560 1.281978 
1.028226 1.568297 1.764675 1.265385 1.447099 1.488603 1.298435 0.927871 
1.205857 1.196538 1.787581 1.864772 1.515541 1.417560 1.426292 1.512197 
1.324556 1.387478 1.480800 1.421847 1.293287 1.223549 1.215036 1.464433 
1.622625 1.476129 1.505477 1.294739 1.290947 1.324727 1.579804 1.032627 
1.620107 1.873931 1.251248 1.522330 1.573211 1.343379 1.239390 1.195048 
1.807791 1.370742 1.884794 1.592170 1.526635 1.335111 1.462600 1.370009 
1.598377 1.369161 1.812140 1.596776 1.303451 1.535184 1.424701 1.549322 
1.185072 1.731446 1.336092 1.362693 1.509623 1.603893 1.290780 1.465216 
1.248412 1.144675 1.220462 1.464930 1.153180 1.236302 1.347116 1.249685 
1.335073 1.305827 1.331798 1.506047 1.126847 1.202301 1.154570 1.298222 
1.682112 1.378404 1.392757 1.608283 1.504496 1.265250 1.318969 1.370764 
1.094419 1.516691 1.299066 1.458831 1.497000 1.418101 1.492991 1.309018 
1.613191 1.288770 1.398436 1.447949 1.293085 1.447560 1.345266 1.391123 
1.537325 1.424819 1.332476 1.492394 1.375559 1.464352 1.317075 1.362323 
1.659779 1.466229 1.574345 1.375196 1.480274 1.379077 1.318760 1.361054 
1.506203 1.511530 1.356225 1.400467 1.393489 1.372397 1.330779 1.315141 
1.635381 1.441403 1.400847 1.417055 1.527417 1.459643 1.395001 1.466429 
1.337967 1.353311 1.394510 1.571478 1.293782 1.334467 1.201318 1.305844 
1.378441 1.308999 1.217505 1.490587 1.319424 1.277473 1.315199 1.260649 
1.371145 1.430260 1.188217 1.382333 1.410177 1.259249 1.305589 1.241207 
1.397364 1.454048 1.442849 1.468009 1.291195 1.346672 1.284897 1.316870 
1.338227 1.657730 1.488138 1.138995 1.488589 1.419004 1.303001 1.541106 
1.335897 1.103278 1.128469 1.161200 1.429842 1.389155 1.251053 1.123755 
1.748968 1.661596 1.324362 1.409975 1.411795 1.563146 1.484798 1.512465 
1.188596 1.345899 1.439310 1.171095 1.634104 1.464677 1.352407 1.477737 
1.311304 1.332425 1.383676 1.378710 1.327462 1.419708 1.488547 1.206140 
1.638924 1.377528 1.500697 1.443184 1.400715 1.417203 1.478784 1.373913 
1.469897 1.420427 1.420072 1.308332 1.499618 1.354952 1.407497 1.452799 
1.570843 1.400537 1.374615 1.415664 1.555872 1.523057 1.557470 1.478196 
1.309504 1.401942 1.359368 1.436553 1.438024 1.442365 1.359520 1.460351 
1.610337 1.337231 1.426909 1.339193 1.405690 1.381587 1.217714 1.560257 
1.434654 1.285179 1.221768 1.107267 1.563414 1.326807 1.408991 1.118746 
1.338067 1.227072 1.220009 1.272681 1.768799 1.575191 1.381208 1.060018 
1.585135 1.199153 1.331894 1.384501 1.411682 1.546827 1.409715 1.553509 
1.266829 1.418824 1.527680 1.431669 1.313525 1.386498 1.352292 1.494311 
1.323829 1.324234 1.418414 1.406174 1.520291 1.586536 1.161059 1.307100 
1.248092 1.407898 1.517403 1.490679 1.454922 1.563872 1.264350 1.391787 
1.216186 1.179145 1.275447 1.403741 1.225923 1.370467 1.247564 1.351674 
1.277330 1.523978 1.527391 1.528034 1.412896 1.362697 1.497395 1.155688 
1.130109 1.178715 1.294300 1.418656 1.252286 1.367769 1.445620 1.383977 
1.306953 1.490297 1.338465 1.461510 1.235734 1.319420 1.488462 0.866078 
1.120864 1.686190 1.725044 1.262773 1.490092 1.449609 1.322560 1.021009 
1.069290 1.324962 1.750207 1.774648 1.493090 1.334942 1.436221 1.499219 
1.592046 1.504993 1.496417 1.599615 1.315920 1.158415 1.577771 1.172403 
1.633734 1.836363 1.412817 1.463385 1.569821 1.416756 1.078467 1.278194 
1.734702 1.302053 1.826503 1.720072 1.532006 1.410682 1.446739 1.215630 
1.511552 1.492498 1.610370 1.446860 1.572846 1.582355 1.329390 1.492344 
1.371823 1.394224 1.458325 1.423218 1.280177 1.392666 1.437195 1.349649 
1.509100 1.377192 1.341190 1.137393 1.460317 1.447920 1.297375 1.317210 
1.433990 1.275316 1.631595 1.128796 1.217721 1.569644 1.372891 1.380309 
1.029177 1.425138 1.404576 1.241134 1.615774 1.344121 1.526665 1.520039 
1.292801 1.465043 1.462850 1.396603 1.202385 1.284660 1.275585 1.214366 
1.140948 1.267329 1.555606 1.517007 1.469697 1.471985 1.307656 1.553396 
1.195288 1.305388 1.306483 1.411060 1.252683 1.402319 1.316205 1.411713 
1.497282 1.463694 1.295489 1.252016 1.362845 1.414180 1.298703 1.274917 
1.310563 1.395148 1.413585 1.428655 1.325030 1.369534 1.390669 1.342650 
1.207076 1.709132 1.552153 1.657070 1.618841 1.526114 1.273295 1.499947 
1.250235 1.732720 1.286156 1.574224 1.518335 1.514430 1.325496 1.415672 
1.453222 1.486179 1.527394 1.644118 1.401520 1.271596 1.460494 1.243280 
