109 110 2 60 69 70 97 98 
1 10 112 117 19 21 22 9 
12 124 126 20 21 24 8 9 
126 20 21 24 34 35 38 39 
112 119 19 28 29 32 43 44 
33 36 37 40 47 49 50 53 
107 108 122 58 59 68 95 96 
100 3 58 59 61 95 96 99 
100 101 2 3 59 62 96 97 
101 102 2 60 62 63 97 98 
102 103 106 61 63 64 67 99 
100 101 104 105 3 62 65 66 
101 102 105 106 62 63 66 67 
103 104 107 108 122 64 65 68 
104 105 108 109 122 65 66 69 
105 106 109 110 66 67 69 70 
58 60 68 70 71 74 81 82 
114 122 58 59 68 71 72 81 
2 5 60 69 70 73 74 82 
127 3 4 58 59 61 71 72 
2 3 4 59 62 72 73 75 
2 60 62 63 73 74 75 76 
127 61 63 64 67 76 77 80 
3 4 62 65 66 75 78 79 
62 63 66 67 75 76 79 80 
64 67 68 70 77 80 81 82 
114 122 64 65 68 77 78 81 
114 122 5 65 66 69 78 79 
5 66 67 69 70 79 80 82 
115 128 71 74 81 82 84 92 
114 115 116 71 72 81 92 93 
114 116 5 72 73 83 93 94 
115 127 6 71 74 76 84 85 
115 116 127 4 71 72 85 86 
116 4 72 73 75 83 86 87 
6 73 74 75 76 83 84 87 
127 6 76 77 80 85 88 91 
127 4 77 78 85 86 88 89 
4 75 78 79 86 87 89 90 
6 75 76 79 80 87 90 91 
128 77 80 81 82 88 91 92 
114 77 78 81 88 89 92 93 
114 5 78 79 89 90 93 94 
128 5 79 80 82 90 91 94 
107 110 115 128 84 92 95 98 
108 109 116 83 93 94 96 97 
102 115 6 84 85 95 98 99 
100 115 116 85 86 95 96 99 
101 102 6 83 84 87 97 98 
102 103 106 6 85 88 91 99 
100 103 104 85 86 88 89 99 
100 101 104 105 86 87 89 90 
101 102 105 106 6 87 90 91 
103 106 107 110 128 88 91 92 
103 104 107 108 88 89 92 93 
104 105 108 109 89 90 93 94 
105 106 109 110 128 90 91 94 
111 123 125 17 18 20 7 8 
112 117 18 20 21 7 8 9 
1 10 111 123 125 17 19 22 
11 111 124 125 126 20 23 8 
10 12 13 21 22 24 25 9 
10 11 111 125 13 22 23 25 
11 118 124 126 14 23 26 27 
12 124 126 14 15 24 27 28 
12 13 15 16 24 25 28 29 
11 118 13 16 23 25 26 29 
118 123 14 17 18 26 27 7 
1 112 117 15 16 19 28 29 
1 118 123 16 17 19 26 29 
125 17 18 20 30 31 33 34 
112 18 20 21 31 32 34 35 
112 119 19 21 22 32 35 36 
119 125 17 19 22 30 33 36 
21 22 24 25 35 36 39 40 
125 22 23 25 33 36 37 40 
126 23 26 27 37 38 41 42 
126 24 27 28 38 39 42 43 
24 25 28 29 39 40 43 44 
23 25 26 29 37 40 41 44 
17 18 26 27 30 31 41 42 
119 17 19 26 29 30 41 44 
113 119 121 32 35 36 46 49 
119 121 30 33 36 45 47 49 
33 34 37 38 47 48 50 51 
113 34 35 38 39 48 51 52 
113 35 36 39 40 49 52 53 
37 38 41 42 50 51 54 55 
38 39 42 43 51 52 55 56 
39 40 43 44 52 53 56 57 
37 40 41 44 50 53 54 57 
120 30 31 41 42 45 54 55 
120 31 32 42 43 46 55 56 
119 121 32 43 44 46 56 57 
111 120 123 45 47 48 7 8 
113 117 120 46 48 7 8 9 
1 10 113 117 121 46 49 9 
1 10 111 121 123 45 47 49 
11 111 124 47 48 50 51 8 
113 12 124 48 51 52 8 9 
10 113 12 13 49 52 53 9 
10 11 111 13 47 49 50 53 
11 118 124 14 50 51 54 55 
12 124 14 15 51 52 55 56 
12 13 15 16 52 53 56 57 
11 118 13 16 50 53 54 57 
118 120 123 14 45 54 55 7 
117 120 14 15 46 55 56 7 
1 117 121 15 16 46 56 57 
1 118 121 123 16 45 54 57 
102 58 60 61 63 95 98 99 
114 122 2 5 59 69 72 73 
100 101 116 83 86 87 96 97 
112 18 27 28 31 32 42 43 
120 30 31 33 34 45 47 48 
113 120 31 32 34 35 46 48 
108 109 122 2 59 69 96 97 
103 106 107 110 64 67 68 70 
128 5 73 74 82 83 84 94 
107 108 115 116 92 93 95 96 
109 110 128 83 84 94 97 98 
112 117 14 15 18 27 28 7 
107 110 58 60 68 70 95 98 
100 103 104 3 61 64 65 99 
127 58 60 61 63 71 74 76 
127 3 4 61 64 65 77 78 
125 126 20 23 33 34 37 38 
119 121 30 41 44 45 54 57 
