0.369739 0.538232 0.692425 0.709587 0.358569 0.489886 0.346496 0.655272 
0.621696 0.245601 1.119107 0.205314 0.164174 0.665307 0.436309 0.480312 
0.357949 0.798885 0.967680 0.395819 0.496837 0.234084 0.211549 0.642656 
1.038503 0.264985 0.492062 0.358654 0.937634 0.692155 0.365529 0.544860 
0.991572 0.782067 0.286099 0.380845 0.413382 0.484533 0.472526 0.619038 
0.730845 0.465917 0.553976 0.367574 0.529523 0.333858 0.405457 0.384328 
0.530819 0.336911 0.697001 0.952746 0.284561 0.567743 0.574177 0.498385 
0.444509 0.720292 1.065842 0.316831 0.728552 0.841223 0.616545 0.649826 
0.582812 0.588960 0.858888 1.056191 0.201588 -0.004883 0.505151 0.515405 
0.661682 0.530069 0.746937 0.758204 0.159750 0.914182 0.327284 0.813984 
0.507619 0.488328 0.472678 0.937444 0.879870 0.673243 0.464666 0.666089 
0.444017 0.651865 0.495052 0.570030 0.775907 0.094503 0.459667 0.499935 
0.514188 0.450796 0.370408 0.387284 0.158352 0.871620 0.438953 0.379772 
0.449668 0.486982 0.686784 0.555505 0.740006 0.629206 0.556095 0.601222 
0.684457 0.446418 0.468775 0.577413 0.617457 0.807424 0.369757 0.429901 
0.522352 0.455460 0.478296 0.622768 0.518000 0.478916 0.553185 0.580302 
0.917294 0.774038 0.648959 0.663415 0.523199 0.582956 0.532622 0.404554 
0.757836 0.475908 1.163572 0.286354 0.644336 0.493459 0.157159 0.393940 
0.733131 0.794630 1.049709 0.224993 0.716484 0.303173 0.762743 0.391762 
0.890683 0.587902 0.258845 1.029790 0.366530 0.535861 0.381841 0.309568 
0.897892 0.831253 0.600312 0.115887 0.072240 0.292935 0.378801 0.260295 
0.785222 0.870191 0.077382 0.733204 0.370369 0.491874 0.380228 0.456429 
1.038697 0.741214 0.777805 0.705622 0.598884 0.347421 0.369637 0.560100 
0.549628 0.435549 0.120396 0.399183 0.522733 0.266041 0.186318 0.394882 
0.117773 0.903541 0.400277 0.410368 0.310759 0.449810 0.260927 0.400193 
0.739274 0.321334 0.655809 0.697147 0.499326 0.444247 0.371079 0.346197 
0.929957 0.680887 0.656888 0.566051 0.733530 0.510818 0.223645 0.382600 
0.706032 0.438274 0.618823 0.830029 0.445319 0.433557 0.398388 0.205606 
0.766611 0.432497 0.504658 0.374493 0.844783 0.279806 0.501313 0.180495 
0.794041 1.036430 0.552591 0.587983 0.436246 0.193425 0.020714 0.147501 
0.995880 0.644943 0.847922 0.465569 0.197449 0.317492 0.321850 0.046426 
0.773247 1.066816 0.559392 0.154660 0.283936 0.573225 0.194698 0.278334 
0.925265 1.342409 0.724419 0.283268 0.661776 0.271930 0.230263 -0.003455 
0.737122 0.895629 1.105007 0.499255 0.203221 0.192264 0.054016 0.233042 
0.954626 0.807921 0.155586 0.571792 0.295354 0.545390 0.290440 0.597552 
0.636176 0.516584 0.568919 0.297467 0.424743 0.514428 0.136528 0.403084 
1.379208 0.663391 0.278163 0.491436 0.484074 0.020154 0.544239 0.304305 
1.061571 0.408738 0.321159 0.239591 0.143976 0.396274 0.580510 0.616866 
0.769142 0.247041 0.299286 0.388639 0.373151 0.580412 0.515130 0.505459 
0.595583 0.359813 0.483200 0.338023 0.410577 0.421020 0.421564 0.205812 
1.156422 0.752166 0.427105 0.476203 0.225339 0.493904 0.183825 0.316416 
0.969644 0.602026 0.378742 0.345021 0.506766 0.457227 0.470639 0.260933 
0.805261 0.701652 0.479909 0.191180 0.535163 0.504932 0.279237 0.252701 
1.093540 0.774947 0.325383 0.541495 0.126429 0.474506 0.268949 0.121843 
0.488153 0.515613 0.774896 1.101073 0.089919 0.174160 0.659544 0.751685 
0.451202 0.583333 0.926884 0.406074 0.294820 0.366788 0.367142 0.420309 
0.368448 0.821810 0.665753 0.129658 0.090051 0.643314 0.902600 0.837071 
0.663041 0.666920 0.811442 0.141169 0.239838 0.677813 0.320140 0.806921 
0.576502 0.421958 0.694470 0.614080 0.135956 0.453574 0.444467 1.027417 
0.344977 0.648880 0.424324 0.621260 0.127479 0.460341 0.196063 0.845328 
0.526224 0.521464 0.592616 0.254086 0.482636 0.534380 0.501376 0.770325 
0.648899 0.513396 0.713064 0.517098 0.452850 0.519389 0.565564 0.500564 
0.554319 0.496201 0.479354 0.401648 0.603617 0.448055 0.436765 0.185149 
0.724465 0.329387 0.653106 0.576680 1.146022 0.488301 0.255948 0.268583 
0.625894 0.676058 0.663565 0.494203 0.506863 0.526541 0.335707 0.352265 
0.738898 0.441563 0.537837 0.603130 0.548663 0.465717 0.372345 0.368477 
0.493239 0.380174 0.495675 0.646252 0.941475 0.417274 0.187775 0.190477 
0.431435 0.770143 0.958742 0.015306 0.593681 0.558394 0.234424 0.270778 
1.040403 0.358944 0.621501 0.803211 0.415963 0.473875 0.429265 0.387553 
0.478347 0.048066 0.561024 0.707470 1.200880 0.034919 0.295327 0.343369 
0.239896 0.773092 0.868333 1.034599 0.987454 0.239719 0.208925 0.109791 
0.510037 0.612925 0.739522 0.688244 0.611046 0.771981 0.715647 0.496327 
0.272664 0.236054 0.550019 0.921200 0.458753 0.275068 0.299926 0.509614 
0.205937 0.645972 0.857613 1.221228 0.279467 0.398984 0.480521 0.410659 
0.225591 0.761727 1.183008 0.273921 0.561086 0.298190 0.387449 0.727315 
0.534972 0.537084 0.392944 0.388032 0.690935 0.514778 0.611809 0.459975 
0.350648 0.575092 0.499991 0.370485 0.651920 0.547307 0.422223 0.554602 
0.363126 0.763987 0.313494 0.211405 0.538869 0.459361 0.549274 0.314062 
0.711335 1.046403 0.210213 0.515141 0.484465 0.109810 0.662065 0.464228 
0.542676 0.413534 0.676085 0.175573 0.226913 0.265223 0.501754 0.591539 
0.991299 0.303719 0.604161 0.592544 0.879946 0.935848 0.490499 0.825013 
1.334810 0.549482 0.800238 0.651761 0.947775 0.679998 1.093082 0.466117 
0.935309 0.736895 0.121426 0.504332 0.413545 0.578670 0.652119 0.626229 
0.839036 1.142848 0.164868 0.329903 0.286744 0.716697 0.667582 0.430268 
0.534252 0.577398 0.584822 0.566606 0.524141 0.555546 0.387201 0.570928 
1.028829 0.465882 0.350390 0.522819 0.494648 0.501355 0.432016 0.512411 
1.297062 0.298822 0.477449 0.500039 0.589198 0.404253 0.766357 0.585899 
1.348309 0.488337 0.442968 0.693564 0.552797 0.426825 0.592719 0.761311 
0.751053 0.563383 0.560057 0.495248 0.575423 0.595781 0.532813 0.700672 
0.555727 0.479766 0.487758 0.493876 0.647401 0.445424 0.507753 0.693903 
0.338780 0.532184 0.418344 0.442016 0.788647 0.813747 0.560607 0.399106 
0.661602 0.456133 0.428597 0.640871 0.422238 0.791214 0.555157 0.528016 
0.933014 0.779773 0.582441 0.710375 0.466277 0.464634 0.330996 0.368471 
0.823941 0.546036 0.728018 0.817735 0.576924 0.682724 0.598003 0.380542 
0.654336 1.116146 0.612094 0.722110 0.628450 0.879456 0.591356 0.575313 
0.870675 0.945341 0.412402 0.615271 0.406486 0.618859 0.445693 0.343834 
0.924869 0.587034 0.421886 0.481289 0.392832 0.276562 0.277887 0.427053 
0.660756 0.683249 0.527712 0.510283 0.448789 0.371300 0.550947 0.379099 
0.713556 0.426175 0.454703 0.601054 0.341312 0.334234 0.392720 0.397860 
0.521278 0.508338 0.675716 0.678862 0.374033 0.530725 0.411127 0.645916 
0.699831 0.472871 0.496695 0.653568 0.463527 0.459397 0.597627 0.597031 
0.924639 0.631528 0.951201 0.534764 0.658511 0.546098 0.515742 0.392462 
0.910804 0.754528 0.683124 0.526868 0.613601 0.566985 0.486891 0.490009 
0.596745 0.535204 0.781206 0.606767 0.509369 0.658623 0.505045 0.602459 
0.604647 0.890321 0.719365 0.548567 0.407883 0.642096 0.215198 0.405373 
0.869048 0.574991 0.893210 0.380954 0.586984 0.441923 0.483216 0.445351 
0.653357 0.197718 1.132441 0.322685 0.626165 0.515269 0.368938 0.536804 
0.462625 0.126311 0.699962 0.520003 0.626301 0.466260 0.493087 0.393764 
0.122355 0.808204 1.083851 0.572795 0.741621 0.505775 0.288265 0.184338 
1.094739 0.287421 1.031213 0.818205 0.260535 0.316070 0.199501 0.411371 
0.411184 0.944248 0.569495 0.492902 0.380028 0.252439 0.513846 0.489381 
0.387036 0.363037 0.731797 0.538870 0.503186 0.332989 0.405250 0.563243 
0.209035 0.572321 1.129313 0.292408 0.574357 0.302785 0.724136 0.435099 
0.315703 1.050944 0.259986 0.481275 0.304386 0.355081 0.415571 0.461424 
0.578223 0.441115 0.442554 0.364427 0.346487 0.529278 0.351487 0.677827 
0.413968 0.573331 0.562725 0.400457 0.570384 0.554479 0.549648 0.667662 
0.361280 0.907921 0.740040 0.429121 0.511113 0.551287 0.371334 0.305784 
0.549645 1.017095 0.448855 0.397886 0.448615 0.354087 0.380740 0.263992 
0.591627 0.342472 0.506203 0.489713 0.238002 0.565374 0.430670 0.587388 
0.561813 0.451947 0.351445 0.634835 0.219103 0.512001 0.448266 0.575762 
0.379258 0.670170 0.656745 0.928444 0.586472 0.544337 0.783162 0.769322 
0.723457 0.455906 0.754025 0.570714 0.132492 0.191948 0.289082 0.092789 
0.637351 0.442293 0.835654 0.401132 0.193369 0.388677 0.275409 0.486208 
0.848293 0.266966 0.386845 0.200502 0.882545 0.365521 0.429928 0.294882 
0.620796 0.669575 0.658299 0.671345 0.855922 0.569578 0.484480 0.492799 
0.767380 0.679991 0.637057 0.643286 0.812983 0.309330 0.295471 0.405277 
0.723556 0.525417 0.786071 0.710076 0.306344 0.272790 0.711087 0.414211 
0.594512 0.387215 0.529671 0.636762 0.883043 0.444033 0.555066 0.602899 
1.133122 0.812124 0.419482 0.729370 0.146707 0.583937 0.179932 0.094355 
0.565181 0.526513 0.617255 0.864001 0.255651 0.166705 0.695491 0.398506 
0.505040 0.527849 1.065781 0.614314 0.133732 0.239096 0.523273 0.953679 
0.986762 0.457253 0.466141 0.365928 0.416372 0.521175 0.369587 0.443802 
0.539936 0.456249 1.015478 0.792043 0.633227 0.511656 0.635184 0.673658 
0.458651 0.504103 0.486908 0.512906 0.638118 0.416879 0.262001 0.694019 
1.014112 0.751723 0.908612 0.737424 0.516646 0.211935 0.515544 0.229754 
0.974326 0.336787 0.208850 0.444193 0.445890 0.377789 0.318186 0.118238 
0.903094 1.114964 0.220321 0.139529 0.648379 0.782157 0.609579 0.305518 
0.644658 0.369327 0.572264 0.408764 0.440044 0.527664 0.427142 0.309817 
