101 26 49 67 70 71 76 88 
103 127 42 50 51 68 69 90 
119 43 45 67 71 73 89 93 
118 119 16 20 41 43 73 89 
117 119 14 17 67 89 93 95 
19 42 44 68 69 72 90 94 
14 18 42 72 90 91 94 95 
118 15 19 20 43 69 73 96 
120 123 124 125 19 20 24 72 
125 19 20 23 24 48 73 96 
103 123 127 24 50 51 97 98 
100 123 124 127 128 26 76 99 
100 128 23 48 52 75 76 99 
105 106 109 31 5 54 55 7 
107 29 31 32 55 56 8 80 
108 110 30 33 4 59 64 82 
111 31 5 59 63 64 80 83 
112 31 32 36 65 7 81 83 
10 111 35 6 60 8 80 9 
10 110 30 33 4 60 8 9 
110 113 115 33 37 38 64 82 
111 114 115 63 64 66 83 87 
10 111 13 40 65 66 83 87 
10 11 111 35 39 40 87 9 
104 106 114 115 38 78 79 85 
1 12 27 28 37 39 57 84 
101 118 26 41 70 74 77 88 
118 127 26 42 51 69 70 77 
118 15 43 51 52 69 75 77 
118 120 16 20 41 70 88 92 
117 14 15 17 18 91 95 96 
15 18 43 45 71 73 91 96 
119 122 125 16 20 21 48 73 
121 46 47 92 93 94 95 97 
123 19 24 44 72 94 97 98 
123 18 47 72 94 95 97 99 
101 124 125 21 26 46 74 77 
122 125 21 25 48 52 74 77 
123 124 125 127 24 26 51 77 
125 23 24 48 51 52 75 77 
104 108 27 30 4 53 59 79 
2 28 54 57 6 60 7 81 
104 107 29 3 32 4 78 8 
108 111 35 59 6 64 80 82 
112 3 32 58 61 62 65 81 
110 113 34 37 61 82 84 86 
114 116 34 36 63 66 83 86 
10 13 33 38 40 62 65 85 
1 105 106 114 78 84 85 86 
105 11 113 116 2 53 54 86 
11 2 28 29 39 40 56 87 
104 107 13 29 38 40 78 85 
101 103 41 50 68 74 88 90 
126 127 128 14 42 50 90 91 
102 117 126 128 14 15 75 91 
102 103 117 15 51 68 69 75 
127 128 26 42 70 71 76 91 
120 45 67 70 71 88 92 93 
117 119 16 17 41 44 68 89 
118 120 19 20 42 69 70 72 
100 120 121 124 45 46 92 93 
100 119 121 122 45 48 73 93 
119 121 122 17 22 47 93 95 
119 122 16 17 21 22 44 98 
100 18 23 45 48 73 96 99 
102 126 128 22 23 47 75 99 
1 105 106 109 3 5 58 78 
108 2 53 56 59 6 79 80 
2 28 29 56 6 60 8 80 
1 27 28 30 57 58 60 81 
1 107 3 32 57 58 78 81 
112 35 36 6 60 7 81 9 
10 3 32 33 4 62 65 8 
104 113 115 27 37 38 53 79 
107 13 29 40 55 56 66 87 
1 107 12 13 57 78 84 85 
104 27 28 29 37 38 39 40 
25 43 49 52 67 71 76 89 
102 103 117 25 41 68 74 89 
117 15 17 19 44 68 69 96 
120 18 42 45 70 71 72 91 
16 21 44 46 92 94 97 98 
17 18 22 23 47 95 96 99 
100 101 121 124 26 46 49 76 
100 121 122 25 48 49 52 76 
101 121 126 46 47 49 50 97 
102 103 22 23 24 51 75 98 
1 105 108 109 27 30 53 58 
104 106 3 4 5 59 78 79 
105 108 109 2 53 54 6 7 
107 31 32 54 55 57 7 81 
108 109 110 30 34 58 61 82 
109 3 34 5 58 61 62 63 
108 109 34 35 36 6 7 82 
109 31 34 36 5 63 7 83 
10 111 31 32 65 8 80 83 
11 113 116 34 35 36 82 86 
11 111 113 115 35 64 82 87 
112 116 12 13 36 65 66 83 
112 12 13 61 62 65 84 85 
1 105 113 27 37 53 84 86 
106 114 115 55 56 66 79 87 
11 113 115 2 53 56 79 87 
118 25 41 43 52 74 77 89 
101 126 14 49 50 67 88 90 
102 117 126 14 25 49 67 89 
128 15 43 52 71 75 76 91 
16 41 44 68 88 90 92 94 
14 67 88 90 92 93 94 95 
120 124 125 16 20 21 46 92 
17 19 22 23 24 44 96 98 
100 120 123 124 18 45 72 99 
101 103 21 46 50 74 97 98 
102 121 122 126 22 25 47 49 
102 103 122 21 22 25 74 98 
123 126 127 128 47 50 97 99 
106 31 5 55 56 59 79 80 
104 27 28 29 30 4 60 8 
3 33 4 5 59 62 63 64 
110 112 30 58 60 61 81 9 
114 34 61 62 63 84 85 86 
114 115 33 38 62 63 64 85 
11 112 116 12 35 36 39 9 
110 112 12 37 39 61 84 9 
10 110 33 37 38 39 40 9 
105 106 114 116 54 55 66 86 
11 116 12 2 28 39 54 57 
107 116 12 13 54 55 57 66 
