1.244298 0.740459 0.860643 1.842141 1.198143 1.181258 1.454049 1.327731 
1.501178 2.059991 1.065585 1.478449 0.496600 1.561964 1.391612 1.753184 
1.547603 0.791289 1.229955 1.727170 1.674698 1.332917 0.819588 1.212283 
1.247706 1.631282 1.154777 1.021241 0.881131 0.623427 0.908711 1.091520 
1.430367 1.673751 1.576366 1.139262 1.543756 0.767016 1.287760 0.720807 
1.274899 0.679599 0.920060 1.576691 0.937913 1.201100 1.596726 1.183427 
1.633880 1.273943 0.981006 1.269116 1.392081 1.033069 1.063933 0.876200 
1.019937 1.523839 0.879784 0.469290 0.776668 0.989282 1.112054 0.285032 
1.276776 1.557895 1.364083 0.621038 0.903601 0.560133 0.707046 1.139705
0.897341 0.681950 0.567883 1.183907 0.448204 0.854723 1.317556 0.238978 
1.556702 1.464048 1.734648 1.120783 1.363872 0.433453 0.959881 1.313109 
1.204366 1.247710 1.384234 1.243747 1.617856 0.664161 1.217179 0.914071 
1.373030 1.730137 1.142725 1.036024 0.805694 1.270551 1.388517 0.846408 
1.011586 1.087388 0.909523 0.709322 1.059160 1.236696 1.459405 0.980194 
1.873028 0.660959 0.893047 0.830384 1.400777 1.433932 1.626732 0.876893 
1.525077 1.995519 0.821582 0.561022 1.146289 1.322606 1.401038 0.401303 
1.462950 0.876340 0.966750 1.014368 1.053845 1.141463 1.178898 0.704989 
1.734289 1.094558 0.884251 0.652860 0.906045 1.102843 1.104166 1.024910 
0.639439 1.472619 0.429815 1.213885 1.089296 0.995663 1.127515 1.305388 
0.720882 1.867957 0.646743 0.911111 1.212651 1.276406 0.780951 1.157395 
2.128823 1.322041 1.625386 0.915621 1.399097 1.088926 1.307254 0.417001 
1.277025 1.603195 1.359081 1.196173 1.142476 1.368140 0.396452 0.466680 
1.284852 1.302357 1.201373 0.777863 1.040459 1.328991 0.698199 0.488202 
0.685198 1.236014 1.127138 0.359039 1.246971 1.002750 0.961893 1.388306 
1.640295 1.572768 1.417030 1.402904 1.148684 1.042642 0.559137 1.080247 
1.399378 1.434624 1.255358 1.327122 1.653968 1.251864 1.308605 0.899083 
0.943884 1.563858 0.877641 1.024672 1.006302 1.685608 0.815057 1.653426 
1.504899 1.741347 0.799559 0.599045 0.526048 1.329078 1.255638 1.153290 
1.454570 0.917441 0.665981 0.588857 0.751519 1.141004 1.508920 1.102119 
1.281162 1.512008 1.034213 0.675948 0.990376 1.269967 1.955319 1.160799 
1.063221 1.504823 1.172268 1.253060 1.341884 0.781614 0.440118 0.734149 
1.245154 1.261343 0.428298 1.058479 1.397423 1.585233 1.048794 0.396088 
1.508435 1.709137 1.011233 0.653524 0.707901 0.869393 0.660160 1.066873 
1.963282 1.010107 1.146818 1.507612 1.486585 1.435694 1.093750 1.610387 
1.231147 0.844086 0.478915 0.798796 0.816165 1.379155 1.198287 1.191227 
1.444181 0.884242 1.217136 0.929945 1.304590 0.945876 1.195174 1.091146 
1.223302 1.494318 1.118542 1.104172 0.952660 0.542523 1.453097 0.938780 
1.423959 1.346339 0.873039 1.283448 0.821957 0.682373 1.196214 0.929446 
0.648447 1.050465 0.877039 1.507183 0.741722 0.605534 0.399595 1.170700 
0.985721 0.698554 0.732464 0.471759 0.584433 0.697211 1.478072 1.140952 
1.587797 1.048712 1.065404 0.836157 0.952763 1.163316 1.195778 0.859894 
0.945071 0.802061 1.188289 1.779106 0.837784 1.754868 0.973730 1.091220 
1.706353 2.138018 0.960594 1.268303 0.492079 1.046148 1.075151 1.368693 
1.058882 1.421901 0.723126 1.245865 1.097926 1.336874 0.620961 0.708410 
1.532253 1.179104 0.573401 1.209830 1.141405 1.280080 0.885097 1.061534 
1.875767 1.439998 0.842921 1.145243 1.420895 0.730801 1.206211 1.115802 
1.291148 1.729406 0.782764 1.219542 1.463659 1.139042 0.769051 0.779083 
1.168679 1.250105 1.030468 1.445187 0.859306 1.344692 0.630561 1.235576 
1.499985 1.165437 1.600368 1.693181 0.780194 1.430021 1.224470 0.900286 
1.282117 0.747713 1.332843 1.481148 0.758685 0.885141 0.936969 0.617647 
0.998949 0.917547 1.303699 1.155438 1.334776 1.353641 1.709868 0.827279 
1.865835 1.725203 1.201750 1.132312 1.504650 1.280689 0.977851 1.150968 
1.128356 1.327240 1.130699 1.380734 1.658257 1.607614 1.738362 1.460460 
1.791408 1.665949 1.948062 1.556787 1.061069 1.322644 1.525778 0.654959 
1.054262 1.338320 1.683164 1.852318 1.454784 0.932637 1.075502 0.752995 
1.054608 1.212679 1.414967 0.788719 0.358754 1.301566 1.126314 1.337624 
1.274583 1.591867 0.296234 1.086306 0.983127 1.130153 0.823324 0.870547 
1.814187 0.876892 1.578950 1.075185 1.078505 1.163206 1.184026 1.423875 
1.310613 1.237703 0.900630 0.799160 0.773297 0.596288 1.683089 0.925412 
0.998909 1.311418 0.461433 0.457100 0.859622 0.759141 1.209588 0.501825 
1.188189 1.417432 1.943523 1.387640 0.979340 0.810461 1.296060 1.738099 
1.592125 1.595358 1.667641 1.522031 1.039611 0.697309 1.388503 1.202359 
1.364111 1.795761 1.127045 0.859397 1.161164 0.943551 1.347661 0.841147 
1.489103 1.214955 1.084396 0.872086 0.980877 1.046737 0.728866 0.876077 
1.553185 1.116758 1.073978 1.114774 0.383174 1.663828 0.365949 1.147610 
1.003979 1.957528 1.629802 1.394898 0.862045 0.594319 0.991828 0.935757 
1.250635 0.912383 1.213871 0.699005 0.923426 0.679514 1.179243 0.599859 
1.022863 0.605979 0.963240 1.293410 1.401378 0.869985 0.707083 0.745506 
0.957340 1.218002 0.804307 1.583872 0.771788 1.299429 0.977235 0.426200 
1.185460 0.779142 1.052690 0.839047 1.375012 1.300956 1.744276 0.846438 
0.980693 1.753531 1.255757 0.671983 1.297525 1.079850 0.513614 1.292906 
1.371958 0.386738 0.732098 1.088091 1.110691 1.067736 0.913251 1.323702 
0.990043 0.995700 0.847589 0.649083 0.652296 1.344942 1.208868 0.988716 
1.663065 0.963048 1.403801 1.203080 1.222392 0.908758 1.117012 0.597982 
1.249259 0.680541 0.890613 1.099518 0.973177 1.477029 0.858860 0.667183 
1.261453 1.326256 1.093044 0.781778 0.945741 1.014461 0.778912 1.383026 
1.787086 0.883684 1.331130 1.130113 1.250384 1.354523 1.499915 1.385641 
1.634777 0.922376 0.552822 0.737520 1.769994 1.371471 1.690621 1.049520 
1.308584 1.444806 1.580562 1.416908 1.229596 1.885914 1.508013 1.232874 
1.502656 1.043047 1.348810 1.240135 0.547884 1.560831 0.859016 0.333037 
1.593762 1.005179 0.827382 1.029990 1.022978 1.580611 0.898437 1.084689 
1.031526 1.049963 1.053686 0.987612 1.533033 1.653087 1.595111 1.289361 
1.271376 1.367195 1.262804 0.985623 1.023273 1.183216 0.662970 1.478105 
1.045803 1.246084 2.042802 1.412855 0.525634 0.832479 0.856747 1.149389 
1.329424 1.554943 1.455263 1.514201 0.940874 0.764814 0.655012 1.720086 
1.447875 2.186671 2.211505 1.113651 1.004814 0.742117 1.462842 1.396037 
1.150433 1.733448 1.340734 0.919430 1.130407 0.642414 1.645324 0.853395 
1.096958 1.113179 1.132137 0.916772 1.003436 1.125640 1.068783 1.123783 
1.736060 1.498630 0.936513 1.091862 0.805278 1.271994 0.793554 0.818037 
1.051749 1.129824 0.889254 0.922628 0.957699 1.027579 0.982074 0.687603 
1.484892 0.654204 0.758767 0.787843 1.348742 1.610441 0.979995 1.305095 
1.164849 1.151077 1.981829 0.654872 0.682496 1.312932 1.275261 0.647409 
1.169637 0.902404 0.543764 0.874508 1.409936 1.549356 1.154476 1.315206 
1.029127 1.202172 0.773572 0.902815 0.987026 1.021726 0.826236 0.930483 
0.853950 0.549022 0.923410 1.104175 1.012352 1.457870 1.037514 1.109070 
0.948121 1.377174 1.205968 0.797377 0.959471 1.181639 0.952234 0.990616 
0.770699 1.201469 1.537154 0.997239 0.841255 1.002296 0.962970 1.011101 
1.068263 1.469264 1.222850 1.374219 0.860767 1.271949 0.697407 0.321497 
1.533387 1.404520 1.095430 0.670795 0.767925 0.789020 1.109969 0.869427 
1.566947 1.338903 1.071562 1.274441 1.657024 1.194816 0.867605 1.060175 
1.364876 1.307063 1.343993 0.795802 1.347072 1.015774 1.174733 0.995331 
1.346021 1.177670 1.545408 1.483111 1.562536 1.304129 0.735109 0.479752 
1.089136 1.077875 1.686230 0.994655 1.106721 1.529102 0.736900 0.925937 
1.315552 1.382777 0.813247 0.587568 0.608594 1.368272 0.945411 1.079402 
1.349369 2.010654 1.344999 0.601655 1.638535 1.672013 1.518529 1.541059 
0.985744 1.217787 1.903951 0.999189 1.416689 0.599111 1.468974 0.967838 
1.620293 1.207236 1.021741 0.494401 1.462524 1.099374 1.161507 0.629179 
1.375707 0.826119 0.742250 1.545325 1.612208 1.582455 1.453499 1.093718 
1.378814 1.579680 1.458796 1.497873 1.517964 1.610484 1.427298 0.627327 
1.131059 1.290107 0.590451 1.188144 0.833858 1.259501 0.663101 1.395993 
1.157279 1.092696 1.282622 0.815349 0.542078 0.759965 0.237039 1.019733 
1.192188 1.448065 1.052102 0.930973 1.176912 1.094160 0.962385 1.221090 
1.245059 1.085634 1.069863 0.891642 1.537588 1.180388 1.095008 1.067633 
0.700951 1.903916 1.151925 2.443279 1.317073 1.260246 0.610938 0.668821 
1.095914 1.439544 1.166994 0.966036 1.121939 1.216137 1.238101 0.761055 
1.078242 2.139698 1.167400 1.447759 1.023782 1.298606 0.992512 0.969958 
1.217493 0.294397 0.837017 1.209405 1.534736 1.143349 0.565115 0.866951 
1.743575 1.219262 1.276779 0.989640 0.708880 1.006179 1.435979 0.916209 
0.801812 0.655643 0.839321 0.836978 0.772255 1.090652 0.953411 1.013497 
1.317246 1.353579 0.595115 1.573887 1.386729 1.075405 1.013913 1.006717 
1.566823 0.530111 1.266270 1.126623 1.287649 1.305620 0.623080 1.007270 
1.120492 1.193697 1.129832 1.083578 1.288942 1.033009 1.046892 0.871021 
0.956417 1.243583 1.336854 1.253722 0.616398 0.982703 0.510836 1.551123 
1.649694 1.009885 1.281216 1.235954 0.768455 1.183115 1.012120 1.283909 
0.856929 1.348885 1.018639 1.326590 1.540555 1.101769 1.026835 1.014631 
0.875381 1.206389 1.750041 1.512686 0.690154 0.878525 1.125653 0.610177 
0.865056 1.080623 0.941090 1.062583 1.037150 1.005525 1.062965 1.172973 
1.416800 1.187849 1.052219 0.762147 1.170783 1.415790 1.348787 1.180056 
